2171
1504
1203
1902
2215
1666
2585
2227
1835
1659
1494
2118
1776
832
1571
2291
1328
1525
1874
1871
2001
2450
2384
2019
2190
1474
1594
1473
995
2086
847
1732
1753
1823
1768
1279
1622
2679
2679
1872
2057
1297
1472
1619
2921
1678
1785
2415
1887
2083
1177
2595
2010
1901
1770
1529
1627
2311
2352
1868
2036
2059
2001
2148
2211
1243
2543
1590
1264
1873
1076
2174
2231
2805
1042
1891
1925
1374
959
1949
1515
2367
1914
1661
2968
2670
1660
1235
1483
1614
2193
2023
1888
2362
1386
1566
1423
1367
1792
2135
1341
736
1451
1975
2304
1986
2502
1625
1337
1392
1251
2016
1566
1904
1979
1861
2422
1302
1441
1811
2372
2783
1328
1893
2287
1646
2451
1505
2181
2384
3147
1594
1787
976
1630
1870
1607
1278
2324
1897
1800
2260
2274
1113
2032
2362
1011
2478
1394
957
2027
1395
2086
2528
2160
1783
1779
2352
1936
647
1899
2384
1696
2116
2106
1930
2239
916
2172
2496
3151
1607
1072
967
1702
1611
1904
1151
1254
2256
1751
2624
819
1840
2650
1995
1428
2070
1584
2254
907
1989
810
2136
1792
507
1762
1520
2106
3024
2383
2071
1283
2124
2435
1210
2112
1856
1713
2433
1806
1778
1181
1410
2608
1293
1715
2688
1594
2710
2647
1040
1728
1818
1334
1344
1548
1129
1617
2236
2480
1158
1488
3047
1970
2064
1360
2597
1778
1367
1728
2637
1648
2073
2433
1485
1688
2114
1598
1196
2850
2219
3050
477
1582
1810
989
2256
1337
1612
726
976
1216
1468
2118
1498
1471
54
1764
1186
1932
1558
2007
578
2545
272
1062
2544
745
2018
2979
2865
2187
3699
1785
2638
1648
2133
251
2640
2129
2182
845
1877
913
1941
877
1136
1393
2595
1680
1894
1967
870
1856
2020
1684
1583
1777
2576
1883
1898
1825
1105
1734
2800
1628
795
1491
1581
3112
1093
2027
2172
2589
2077
2665
1638
1360
1634
2208
1641
1593
2559
2731
1668
2192
1458
1396
1535
1527
2730
2624
2224
2671
1685
1222
1091
1303
1274
1030
1963
1737
1951
1125
2109
1330
1612
2277
1970
1514
1900
1975
3500
1989
1584
2250
2320
1522
2320
1761
2474
1610
1627
2659
2178
2285
2124
1296
1744
1982
1937
1367
1552
2230
1845
1266
1468
1588
1645
1410
3118
1862
1573
2559
1558
2112
995
2305
1844
1726
710
1011
1486
2925
2186
1708
2070
1327
762
1567
2319
1862
1191
2246
2539
1418
3138
2314
1653
2127
1650
1648
1159
1233
1573
1616
1663
2017
1143
2108
1678
1713
1418
2522
1665
1393
2594
2747
1664
1838
255
521
2240
1703
2128
1978
789
1256
2411
2529
1808
1575
1918
2460
2059
1408
2109
953
1452
2219
1520
2113
1546
1357
3366
2192
1136
2297
1471
1442
1894
2528
2194
1314
1390
1648
1554
2436
1187
1848
2714
1975
2341
2513
1713
2282
1533
1707
2628
935
2765
1887
1646
1341
2977
1940
2308
2350
3632
1386
1405
2004
1698
2418
1630
1797
2035
1726
2998
855
1505
1450
1200
1129
2437
1890
451
3099
2214
534
1982
1686
1009
1796
1946
1936
1600
1862
1923
2543
1392
2319
2238
1310
1882
2224
1968
1370
1820
2223
1304
2705
1386
1830
1543
1515
2257
525
2112
1874
2179
1885
1182
887
2146
1840
1675
1309
1165
2492
1695
2567
2222
2367
2198
2786
2117
2608
2256
2123
1952
1955
1559
1834
2495
1312
1692
1654
1595
1060
1811
1715
2160
1924
1034
618
1798
2701
2538
1840
2222
1749
1403
1511
957
2086
1229
1773
3088
480
1359
1307
3552
3734
1089
2558
2102
1875
2235
2947
1690
2098
2059
1739
1126
1755
1393
1520
2812
1845
2125
1545
2544
2103
1520
1312
2451
2256
2189
1040
1117
2290
2321
1783
1402
752
989
967
3030
2847
1354
1402
2140
2391
2409
982
3170
1302
1894
2004
2616
2506
2061
1877
2283
1478
1798
1489
1615
2384
1739
2416
1808
2298
1232
1782
1781
1189
2267
2487
1721
1063
1286
1407
1759
1699
2273
1795
2576
2282
2062
2518
2725
1264
2070
1151
2594
784
1968
2590
1872
1231
1977
1969
2368
957
2661
2096
976
2112
1472
892
1894
2542
2224
1232
1989
2141
1328
3535
1782
1078
1789
2179
1232
1280
1872
2928
2159
1291
1401
1852
2754
1953
1835
1971
2204
1909
2654
3087
2371
2224
1390
1681
1521
2034
1392
2112
1055
2500
2105
2496
1811
2316
1965
2838
2275
1931
1008
2011
1296
1872
2557
696
1343
2705
2189
1326
1331
1248
2314
2142
2859
1887
1279
927
1364
2768
1577
1549
1600
1458
2198
1822
1567
1129
1915
1524
1615
1296
1549
1904
988
2690
2391
1914
1483
3027
1807
1927
2095
1648
1334
2909
1173
1750
1393
1601
2607
1659
1154
1131
2320
2657
1330
2230
430
1836
1548
2255
1280
2454
1869
1535
1886
851
1649
1139
2670
1865
2347
1817
1957
2064
3533
2133
1244
1133
876
1693
1577
2190
2647
1222
2620
1939
2090
1664
2112
2783
2113
2665
2192
2288
910
1950
2047
832
2656
2112
688
1804
1819
1032
811
1358
1963
1655
1523
2288
2361
2194
158
1712
1972
2218
2956
1770
1716
2687
2192
1947
1402
1520
932
562
912
2830
1649
1307
3150
1225
1136
1493
2199
1008
2210
2522
2029
2466
1596
1969
2382
1787
2344
2299
3269
2023
1840
1822
1777
690
1846
1709
1297
1191
1734
1114
2344
1696
1552
493
1647
562
1341
1463
2775
1782
561
866
2256
2954
2192
1527
1558
2476
1700
2224
2096
1617
1179
1334
2742
1796
3183
1619
1099
1667
1557
2026
506
2117
1616
1678
1805
1767
1824
1504
1719
1545
1821
2043
1281
1801
1861
1168
1782
1163
1552
2394
1520
1778
1037
1483
2096
1582
1142
962
3724
1306
1739
972
1823
896
2160
1322
2226
1612
1436
1008
1776
1372
2054
1841
1256
1584
1794
1971
832
2175
1606
1252
2267
1526
2378
2178
1813
821
1456
2176
2531
2127
1658
1729
2606
1501
624
1612
2599
1347
1072
534
1601
1921
2366
782
2494
1518
1976
1574
2068
1554
2705
2723
1113
1109
2317
1681
2237
1134
1405
1169
1397
1621
1809
3814
1996
2195
1129
1447
2293
1894
3003
741
1056
927
1088
2478
1202
2749
2311
1171
3059
2154
1298
896
2093
880
2086
1317
927
2741
1887
1916
1218
1718
929
1778
448
802
2065
656
1771
1333
1165
1974
1605
1740
790
891
976
798
1831
2238
2256
3337
410
711
1687
2839
2174
1936
1072
1691
2352
1717
1159
1957
2059
2278
1405
1407
1664
1597
1479
1692
1813
1920
1842
1598
2593
2034
2885
2919
2372
2224
2737
994
1860
2323
297
2358
816
2400
2059
961
1288
2544
1303
2625
1309
2182
1682
2459
2362
2251
1818
2345
1626
622
1009
1776
1253
1174
2112
1125
1459
1803
2424
2425
1501
1136
915
1406
848
1071
1502
901
998
1648
2365
1447
2071
2729
1040
2440
815
2289
1649
2112
2943
1380
2186
1849
3828
2051
1954
1249
2293
1147
2354
3904
1291
2427
1728
1815
2234
1920
875
1936
2354
2301
1631
1810
1751
1456
1282
2331
2395
2422
2944
2369
1513
2064
2710
2799
2640
1531
2018
991
1383
2333
2502
1522
1840
1456
799
2406
2387
1900
1093
1655
1607
1503
751
1188
1991
1519
1472
2323
1628
2578
2005
1724
1895
869
1746
2372
1830
1168
2288
2064
2320
1879
1105
2477
2586
2255
2594
3258
1840
1888
785
1758
1504
2458
1584
791
2336
2992
1029
1738
1741
2514
1642
1381
2121
1469
2224
2140
1492
1328
2047
2295
3101
1210
1827
1197
1659
1705
1471
2301
2490
2285
1552
1290
2331
1736
2091
677
1787
2088
1442
1465
1690
2511
1244
784
2647
2647
1955
2732
1136
1345
183
1824
2672
1999
1166
1919
2077
1622
2059
2537
1716
1586
1904
3437
2431
2555
2277
2819
2544
1484
1200
1424
1283
1290
3239
4009
1787
911
2353
1874
1237
1729
855
2795
1446
2094
2432
2054
1018
1949
1618
2619
2344
3553
1469
1685
1885
1327
1899
1907
1600
1532
2203
1234
3275
2578
1323
2633
2281
1328
2411
2730
2609
2618
2335
879
2827
1549
2419
1837
2622
1342
2432
2112
1439
2430
2356
2073
2261
1507
1733
958
1764
2334
1967
1273
2446
2147
417
2306
3315
1941
1660
1567
2965
1088
1281
1344
2641
1809
2770
1127
2455
2038
1845
1552
1808
1566
1723
2102
1974
2053
2506
286
1170
2096
1679
2117
2653
2414
2595
523
2001
1966
1085
966
1328
1836
1910
1761
1141
902
2970
1378
2266
1641
1862
1829
1351
1699
1776
1926
1510
1931
2320
1087
1654
1350
2006
2375
1708
2078
1235
1281
1666
2075
1979
995
1360
2237
1674
1757
782
3003
2219
1856
1673
1509
1141
2754
2128
1520
547
1372
1970
1928
1872
2677
2722
2689
1971
1782
914
2823
709
1851
2321
935
2046
2701
1566
1456
3024
1215
1030
1856
1286
1810
2029
2058
1611
2346
2301
1423
2864
1177
1519
2543
994
1587
1689
1358
1435
1909
1360
1475
2488
1124
2256
1523
1879
2237
1328
1571
1406
1467
2174
2229
1197
1744
2192
2414
2032
1072
2464
1249
1383
1838
2402
2269
2191
993
1696
1125
2098
2379
2240
144
1949
1664
1310
1872
2894
1582
2352
1792
1373
1873
2128
1776
902
832
1954
2053
2358
1709
2583
2396
1762
1622
1616
678
392
1057
1573
2368
1038
2125
2329
1744
1571
2149
2384
1653
1984
2353
432
1104
2304
2211
2267
1168
1888
1417
1350
2478
1782
1722
2640
1606
1846
2581
1193
2047
2405
2188
2379
671
2240
1178
1840
2309
1662
1985
2423
3203
1936
1504
1693
2835
1615
2098
1323
2685
797
2096
2020
2033
2258
3259
3099
2393
2128
1105
1747
1669
1324
1289
1123
2161
1780
1808
1646
1852
1226
1131
2304
1056
2455
1454
2294
588
1465
2081
2282
811
1947
2178
2340
2193
1708
1881
2197
1294
2032
1466
1139
709
2107
3841
2211
147 37
2128
1331
1497
1694
1913
2368
1622
1854
2291

1666
435
1415
2768
1890
2000
1655
2814
2410
2237
1995
2677
3265
1735
2063
1389
1930
2607
1846
2467
368
2490
2591
1625
2134
2254
1221
1658
1299
1969
1576
912
1110
1849
1652
811
2437
1520
1374
1840
2294
2611
816
1552
1312
2794
1592
1277
1745
1968
1203
661
1328
2163
1447
1210
1975
2674
3241
1787
1216
2224
2177
2915
991
2311
1356
2384
3120
759
2512
2731
1200
2882
960
1500
1523
532
836
2416
1703
1826
1426
2000
1985
1530
1343
1983
2439
1836
2451
2429
2228
3167
1535
1191
2822
1945
2422
2021
1968
1995
2621
1813
2162
1218
2279
1039
2015
2466
2132
1770
3440
1455
2619
1647
2259
1230
484
2138
2150
599
2237
1570
1924
2006
2506
2073
2206
1680
2077
1104
2310
2459
1700
2018
1893
241
2137
2624
1630
1488
1427
1841
1633
3088
1354
1443
734
2130
1872
2192
1579
1667
2387
1577
2615
2639
1544
1785
2026
1037
1425
1022
1909
1815
1360
2124
1914
1744
2273
2594
1154
3008
2029
3366
1463
393
1134
1581
2139
2314
2565
2035
2533
1220
2471
2538
260
1887
2010
2519
2192
1951
2755
2638
2314
1824
2397
2785
1177
1760
2263
2058
2126
1350
1138
1772
2162
2007
1967
1389
1782
1702
2298
2045
1915
1991
1531
1232
1607
1631
1974
1265
719
1504
1114
1392
2384
2633
1250
1631
2112
1150
2754
2230
1590
1143
338
1039
1725
2161
1222
507
2208
1757
1459
1856
1705
1401
2236
2582
2320
2165
2157
816
1959
1424
2647
1163
1526
1552
304
2379
2113
2305
2141
1664
1809
838
826
1287
2112
1946
2047
1889
2059
976
2240
2169
3216
1223
978
1787
2335
2310
1673
1798
1209
1867
1899
1556
1904
1216
769
1728
2773
2051
1617
2396
1003
1758
1865
1904
1216
1632
1830
1744
2499
2309
2610
1534
1414
1296
2352
1168
2108
2240
1434
2647
1712
1521
1533
2887
2016
2287
1093
1456
2557
1600
2117
1286
2320
1472
2595
2011
3840
950
715
1116
944
2326
2021
2065
1555
1001
1578
1307
2986
2593
1328
1162
947
1810
2538
1530
2021
2350
2165
631
1904
1358
2290
1772
1721
1602
1049
1122
1394
1891
2211
1617
1630
2595
2128
1584
2096
2625
1872
1821
2275
1507
1545
1408
3776
1601
1712
1272
2273
1789
2258
2318
1392
2176
1699
1440
3262
2081
1835
1199
2593
2039
3114
945
378
2807
1785
1744
1328
1762
1751
2315
2430
2769
2275
1646
1398
1466
2183
1615
2341
1251
1648
1398
1406
593
1159
2351
1359
2539
2018
2929
1629
1486
2709
2385
1856
1479
1775
2436
2946
2041
1243
1736
2123
1870
1670
2626
2017
1837
1808
2154
1744
1914
1639
1047
2352
1778
1499
1391
1469
1664
2155
1587
2013
1254
1173
2292
2377
2783
1885
845
1585
2163
1792
1403
1221
1949
1734
1711
1731
1733
1169
1408
543
3205
2399
1257
580
1552
2138
2009
727
1391
1897
1120
2687
1023
1806
1168
1169
1326
3006
2421
1923
1469
1507
2501
2156
1677
2250
1919
1097
1405
1552
57
1195
1909
2210
1529
2576
1872
519
3539
1525
1616
1768
1459
1088
1380
1813
894
1959
1587
2915
1144
1387
1119
1655
2498
2221
2254
2354
2432
2229
1763
1547
1954
1515
1096
3390
2793
1879
1776
1168
1577
2546
2103
1873
1685
1788
2441
467
2305
2661
1725
2334
2224
2629
2046
1506
1814
624
3175
2310
1239
2430
2416
1199
1778
2111
1286
912
1295
2795
762
1263
2602
959
1612
1856
1632
2166
2160
2185
2321
1273
1131
1520
2757
1209
2288
2710
1999
2526
1662
2150
2080
1808
2123
1174
1279
1167
1296
2287
768
1760
1863
1610
2206
1981
1351
1751
787
926
2141
899
3226
1646
2176
1777
1589
2215
2150
2478
450
1730
1905
1962
1994
1552
957
2057
2570
1719
1328
1250
1121
2022
2138
2599
1168
869
366
1143
2531
1329
2443
1452
2191
1588
995
2466
771
1350
1346
1531
106
2124
2672
1127
1706
1678
1231
2074
1584
1830
635
2270
2142
1920
1975
1276
2417
1191
2717
2095
2480
1467
3011
2230
471
1270
2096
1513
2146
2288
1239
2055
2032
1462
2206
1482
2877
1716
1817
2267
2813
1870
1943
1910
976
1946
1422
1797
1234
2043
2320
2407
2023
2787
1762
1107
1969
1793
1847
2359
1387
1628
787
2266
965
2368
2162
3085
1169
1815
2097
1839
1850
1663
678
2994
2833
1936
1488
2459
1078
2211
922
2031
2254
1671
1935
3094
3234
1152
586
2112
2053
1673
1727
956
1066
2256
2248
2384
2394
1263
1635
1269
1921
1981
1710
3113
1879
2873
1997
2870
2242
746
1937
1331
1291
1083
1777
1713
2586
1999
1664
2271
1741
2258
1207
1461
1270
2132
1458
2906
1535
1424
2154
2094
1840
1104
2421
1477
2305
2044
1920
1649
1253
1933
2317
1978
1910
2583
1356
1232
2117
1072
1370
649
1271
610
2157
1998
1885
1074
2352
1046
2320
1486
1839
1507
1885
816
2422
1241
960
275
1836
2199
2369
896
1524
1294
1790
1726
1680
1619
2266
2537
1782
1403
2660
2736
1890
1296
1872
1568
2752
1473
2670
1683
2126
1283
1869
1936
1626
2318
2309
2001
2160
2117
1249
2148
1268
1403
2227
2137
1363
1995
1426
769
2431
1299
2757
2064
2096
826
2186
1255
1905
1471
2646
2864
1873
1781
1015
1258
2229
771
2603
2750
1341
1707
1914
2382
1190
1501
2574
1903
994
2383
2522
2192
2226
2818
1519
1744
1930
2103
1909
2198
1433
1648
822
2099
1445
1695
1816
2361
2768
2128
1951
1871
1974
2464
1230
1280
2714
2046
1563
671
378
2395
1208
1073
925
1918
1846
1584
2085
2608
2294
1839
1683
1524
1997
2391
2159
2369
2213
1719
1610
1142
2000
1919
1745
1549
2535
1125
1901
2189
1041
1701
869
1977
2667
1742
655
1525
3388
1154
2390
2384
1978
2106
2070
3379
2269
2589
3423
1984
1482
1219
2160
1888
1782
2026
2570
1746
2896
1769
1122
2076
1446
1632
2446
2673
1391
2555
3136
2546
1798
2575
1916
1907
1286
1555
1359
2831
2348
2143
2078
1439
2736
2053
1822
2646
1282
2790
1749
950
2316
1474
2090
1584
2228
1519
2107
1642
1808
2128
1758
2175
1222
1931
1230
2356
2282
1682
1744
1264
1984
3056
1994
1732
1655
1597
1646
1809
2319
1760
3015
1387
1829
1960
1885
1827
2218
1422
1292
1302
1872
1383
1971
1359
2719
2880
2353
2570
1488
1424
1082
1775
1961
1995
960
2342
2054
916
1711
1659
950
1234
3071
2016
1083
1679
2309
1019
3415
1318
1157
1440
1771
1415
3019
1392
967
1946
1461
1700
1495
1221
1990
2096
1904
1328
1776
1268
2311
1382
2726
1990
2663
2621
1086
384
2437
1886
2513
2057
1370
2240
1441
2197
2318
2194
561
1410
1789
1742
379
1452
2513
1040
1997
2283
1959
1499
1900
2117
1732
1387
1063
2405
2190
2130
1965
2106
1294
2629
1875
2321
1868
1066
1542
1766
1681
2338
615
2090
2449
1696
2362
752
930
1503
1834
2016
2259
2230
1574
2401
1508
2453
2497
2060
2112
1393
1969
2448
1115
1776
1634
2977
1319
2484
1653
1949
1710
3284
850
1749
1212
2225
1351
2365
2286
1839
1266
2908
2289
1846
2011
811
1157
2190
1173
2432
2370
2099
2017
2350
2599
1950
1120
1279
1738
1232
1238
1789
1532
1808
1564
2095
2156
1367
1837
1685
1079
2320
1786
2412
2271
862
1483
2966
2406
855
1091
2010
1727
624
2496
1807
1845
1958
1407
1582
2389
2544
1867
2109
1841
2721
2209
2544
939
844
1761
2179
1680
1169
1780
1306
1560
2206
1518
1648
1717
1612
541
1808
1743
2352
1317
1444
907
1279
2196
2875
2633
1817
886
2279
1775
789
2559
1969
1703
2259
2623
2487
1571
1488
1611
2474
1294
2959
1967
992
2430
2274
1635
1464
2711
2275
1532
2435
1229
1904
2897
1750
1856
2061
1212
1683
2758
2199
2341
2768
2234
2144
2965
2064
2278
1354
1667
2386
1474
1022
461
1988
662
1729
3063
2832
2159
2158
2434
1090
1746
1158
1850
1283
1691
1651
2706
1569
1722
1215
1358
1199
1680
773
1633
1879
2608
1918
1826
1489
1491
1578
1517
3095
1699
1252
2336
2682
1609
2077
2510
1171
1332
2219
1520
2106
1781
1984
1680
1968
1840
2573
2522
1697
1439
1483
2064
1363
1205
2153
2174
2799
695
1727
2517
1812
2096
786
1435
1597
1335
2130
2392
1759
1948
1513
1760
833
1470
706
2003
2234
818
1840
2154
1839
1727
2225
1617
1834
3153
3312
2251
2746
1732
2406
1277
1798
1807
1158
1903
1831
1847
806
1605
1649
2509
2335
1635
1754
2178
1616
1913
923
407
2338
2057
622
660
669
1115
1555
2369
1803
2094
2194
1749
2199
1667
2037
1490
2706
1396
1778
3181
1324
921
1650
1599
2208
1968
1841
3105
1306
1745
1722
2160
1071
2446
1424
3549
2641
1559
2285
1678
1891
2311
2401
2187
1818
2013
1958
1828
2524
1543
602
1775
1714
1856
2016
1583
1697
2226
1603
1917
2202
3242
1456
1152
1850
2197
1130
241
1946
2306
2833
1078
1773
2290
2015
1275
1804
2042
1797
2489
1520
1706
1968
1791
3186
2265
1177
2574
2746
1220
2498
1869
2830
2448
1458
1839
2478
2414
2687
2762
2602
1882
1890
1177
1505
1376
2347
1470
2228
1462
1968
1859
1296
1493
2414
2006
2449
2355
2150
1513
1097
1086
2167
1902
2401
1281
2609
2038
912
1763
2112
1626
2037
2000
2398
2256
1462
1935
2512
811
2122
2789
1200
2065
1963
2394
2093
1677
453
1771
1566
1360
989
2182
1971
2090
1892
894
1205
2597
1331
2350
1587
1682
2159
2286
2544
2091
1854
1690
1509
2627
1929
2677
1878
1618
2070
3301
2709
1742
501
1604
2446
1185
1474
2827
1581
1776
1696
1470
704
1575
1816
1473
2505
1857
1531
1125
1965
1792
1968
2847
1114
2132
1739
1611
1599
1518
1407
1691
2000
1680
1634
1744
2134
2019
2422
1910
2116
1899
1632
877
924
1003
1804
1426
1593
931
1885
1845
3194
2305
2304
2862
2147
1584
1905
1729
1898
2809
2658
1839
582
2464
1072
594
2129
2096
2234
2035
1063
1920
2358
1559
1666
1949
2214
2124
1040
1840
1648
2156
1926
1405
976
275
1360
1812
1878
2286
1840
2346
2657
1875
1379
1552
2369
2130
1367
2106
1744
1427
2018
2096
2112
2701
1964
1718
2143
1510
2145
1264
1570
865
1761
2803
1505
2142
2479
1147
1938
1587
1226
2495
1469
1319
2660
1689
1598
2318
1350
2303
1482
2786
2202
942
928
2000
895
959
2118
2065
1424
2026
2062
2512
1229
1183
1387
2090
1789
1406
1363
1810
1616
1990
1088
1989
1646
1785
2267
1579
932
1760
1904
1216
1313
2033
2209
1746
1747
1663
1244
2582
2201
1616
1535
1012
1068
1916
1983
2067
1175
1919
2029
3130
1446
816
2481
1964
1329
1344
1552
2385
1360
2849
2097
675
1762
2071
2337
3504
2455
2092
2282
2032
902
1123
1168
2359
1741
1485
2144
1472
2171
2096
1483
1606
507
1657
883
930
1851
1616
1515
2263
2654
2128
3376
1933
1963
1901
1914
642
978
1281
2367
3389
2179
1153
2315
1616
1808
2016
2244
2774
1493
1638
1856
1173
1836
1424
2397
1476
1966
1593
2592
2960
1370
832
1317
1779
1290
1858
1263
1471
2213
1387
1984
1875
1401
693
1649
1490
1611
2286
1936
3068
1626
1445
1105
2579
1850
1463
1479
2119
912
2057
909
1790
811
1856
2160
2437
2256
2514
2570
2514
967
2770
1857
1331
2080
2104
1722
2225
1280
1312
1575
1242
2473
2474
1475
1664
1734
1331
873
1722
1889
1079
1009
2353
2354
856
2781
1779
2064
1853
1501
1611
1891
2800
2422
1546
2115
1298
41
1555
2286
1626
1183
1465
2272
2448
2128
935
2339
1815
822
2045
2299
1717
1424
2694
710
2365
2062
1443
1908
1981
528
2162
150
1729
1037
2199
2363
1311
2256
2581
1711
1286
2237
2483
2149
1679
1715
777
1424
1776
1526
2096
1662
2173
1998
2746
1421
2988
2256
885
1487
1487
898
2209
2665
2544
2221
1264
1359
1798
1015
1867
1951
2413
2878
2414
970
2601
1430
2192
2000
2288
1797
1220
2158
1767
1450
1921
2655
932
2052
2513
2553
1424
1791
2453
1041
2378
1755
1952
1711
2897
2892
1824
3088
2576
1638
2411
1934
2005
835
2834
1877
2627
2263
755
2251
1755
1442
2115
1953
1776
1155
1182
1754
2414
1265
2284
1936
1906
2957
2915
2165
1497
3451
2499
1168
1795
1135
1101
2338
1559
1274
1779
1049
2571
1762
2019
2624
611
1422
1424
1620
1729
1131
2016
1160
847
1681
1601
2832
2906
1387
1968
1889
1042
2404
2241
1526
2184
2125
1554
1837
1437
2061
1123
2175
1421
2275
1022
1998
2351
1843
1270
1597
1384
1891
1858
1839
2266
1198
1303
1251
1093
1013
2607
2097
1039
1146
1356
2356
1778
1847
1853
1553
1275
1148
2877
2315
2571
2307
1187
1232
2323
1558
1073
2513
939
1601
849
1030
1136
1743
1833
1424
2144
1858
2192
1638
975
2439
1525
1842
2496
2635
1819
2153
1926
2432
1388
1645
1968
1620
2180
1968
1883
1203
1878
1927
2482
2123
2264
1481
2618
2137
894
2032
1623
1104
1904
912
771
2170
1104
1447
1575
2478
2046
1131
1437
1415
1328
2448
1054
2377
2580
1360
2105
2094
1854
2101
2706
2333
2256
1675
1623
1275
1463
2495
1395
685
1424
2392
1057
2614
2480
1330
1275
2972
1318
1855
2017
1930
2036
1822
1850
1466
1637
2276
1450
2445
2437
2631
1981
499
2234
2003
2480
1424
2672
1475
1452
1411
1609
1231
1830
2416
1032
2289
1502
499
2368
2087
990
3088
1005
1408
976
1840
2379
2319
1987
2160
1474
1650
1611
275
2295
1036
1662
2081
1815
1054
2064
1804
1463
830
1998
2704
1363
2530
2065
1392
2862
1648
2233
1134
1793
1135
1766
1984
1836
2688
1748
1968
2482
2081
2155
2064
1660
1156
1179
2001
3395
2181
2583
3251
1856
1846
2682
2113
2581
1989
1981
3007
2703
2519
2734
1605
2215
3245
1196
1330
644
957
1686
1360
1234
2182
2161
2054
2044
1874
1493
2694
2610
2502
2457
2791
2192
924
2145
2060
1266
2029
1361
1858
1414
1854
2379
1088
466
2491
1450
1267
1650
3246
2256
2490
2005
1712
1136
1839
2040
1840
889
1011
2032
1327
944
1170
2990
2173
2074
1094
2010
944
1808
436
1804
1158
1131
1785
2112
2181
1418
1239
1277
1392
1520
1793
1682
2313
1798
2370
1879
1922
2026
2276
2662
2422
2944
1690
2767
2065
1503
1524
1822
2837
2256
2011
1138
1984
2291
2738
957
1615
1358
1959
2206
1843
1493
685
1014
585
2128
2590
1099
2118
1254
1811
1935
1625
2283
2352
2197
2184
1758
2304
2295
1441
1828
1646
1744
1872
1872
2061
1631
2013
2222
1566
1628
1798
1616
2140
1979
2029
645
747
1479
1577
675
2160
2011
1833
1974
2349
1610
1781
1984
1105
1276
1616
908
1218
1817
2204
1475
2576
3002
2837
1798
2227
2167
1550
1248
1949
2134
1428
2379
2122
2386
1721
1744
1872
2603
1232
917
1477
2109
2711
1579
2288
1510
1814
2444
1161
2131
1072
1456
967
2295
2053
1463
1061
1765
741
2037
3515
741
1879
1949
303
2192
1744
1950
1303
1097
1103
2831
2747
1862
544
1342
2125
1168
1531
1984
1621
1553
2000
1436
1782
1225
1484
1587
2096
1771
1446
2298
1833
2145
1609
2016
2000
1175
1843
1335
1205
2046
1185
1936
1792
1591
1520
1836
3413
2530
1809
2214
1904
2616
2288
1171
1103
2477
1733
1219
1840
2224
1472
2085
1841
1185
1935
1804
858
295
1850
1302
2612
1563
2803
1472
2821
2273
1336
955
1728
1460
1924
2038
1648
1425
2038
1771
1999
2044
634
2166
2895
1535
2198
689
1664
1745
1072
1232
982
2046
3857
2823
1170
1792
2550
1745
1664
897
2343
1476
1685
2496
2554
2213
1083
3261
1840
1373
2216
715
321
1680
2244
925
219
1328
1213
1410
1229
2211
2362
1717
1863
1920
2753
1721
2359
2131
1850
1241
2064
2045
407
2151
1198
1251
777
2334
487
1273
3058
1552
1922
1637
1752
1889
1936
2161
1287
2183
1110
1639
2896
1577
1123
1710
1680
1541
1035
1019
2039
1104
786
1205
2271
2032
2813
2816
1426
2441
1590
2118
2368
2211
2531
1985
1842
2441
1617
672
818
2019
1658
2569
1898
1571
2125
2695
1902
2233
3040
1347
1811
1073
1808
1503
1693
1328
2481
1984
2143
1554
627
1680
2009
2022
2491
1452
2459
2258
1916
947
1917
2479
1520
2386
2475
2214
1644
1169
1941
1625
1614
1154
1987
1670
1635
3205
1842
1457
882
2672
1555
2651
1535
1802
1628
1535
2419
2233
1223
1120
1264
2339
1286
1797
1825
1673
1687
1171
1221
1217
2525
1488
1700
1326
2256
2114
1466
811
2154
1777
999
1625
756
2768
2298
3374
2819
640
932
2130
1529
1731
1000
1227
1146
2133
2146
1833
2160
1552
2651
1925
1977
1723
2187
2274
2327
2074
820
2201
1453
1504
1765
1890
1498
2043
2112
2704
1937
828
1906
2544
2087
2642
1361
1804
1907
2752
1521
2267
1876
1243
2000
2862
1872
1347
1361
1717
2131
3437
1653
931
1129
2098
2063
2067
1942
1776
932
1392
1238
2014
2848
2190
2496
2965
3221
1270
674
1776
2084
1823
2317
2142
2015
2357
1923
2362
1815
960
1462
1706
1714
2448
1742
1264
1760
1889
1424
1876
2175
1472
2208
2109
3105
1290
1778
2058
2349
848
2054
1785
3034
1042
1451
1785
2278
1296
1984
1697
1439
2159
2035
482
1485
1407
1565
2160
2038
2358
1385
2128
3216
2692
3008
473
1728
1318
1968
2013
426
2255
2278
2109
1688
1497
679
944
1632
2911
2086
1187
1461
1313
2076
2323
1811
1195
765
2477
2064
2864
2511
865
1246
1110
1779
1728
2337
1369
1270
2045
1006
2749
1372
1637
1553
2288
1545
1614
1503
2582
2316
2570
2225
1558
656
664
1915
1712
1260
2265
1803
908
1670
2519
1433
1971
1651
1605
808
1587
890
1474
1872
1254
941
1617
1386
2347
1997
1773
2717
2679
1316
1731
1837
1584
1616
1477
1733
804
1359
767
715
1327
1750
2630
2043
1941
2159
2089
1890
1870
2350
1612
1821
2199
1833
1675
2157
1264
2832
3090
2096
1753
1762
1938
2020
1475
1546
1302
2298
1623
2161
1806
1118
1245
651
1120
1989
1363
1250
1070
2378
1448
1424
2045
1962
1261
1895
1981
1683
1949
2299
2864
960
2142
2289
1549
1725
2299
2475
1331
3173
960
2032
2239
2124
1885
2320
2114
528
1750
1948
2883
2000
2573
1011
1671
1834
1438
1495
532
1114
2544
2100
1781
2271
1392
833
1904
601
1906
1072
2314
2117
1728
1979
1107
1232
941
1662
2407
2080
2109
3024
2135
1659
2059
1837
2425
1778
1888
1136
1937
630
1425
1833
1933
1313
2947
1899
1334
2262
2086
2165
1428
2706
2170
2160
1559
2852
2384
1981
592
2277
1856
2203
1419
559
2578
1875
1615
1724
2568
551
1799
1168
2384
1926
1814
1976
1560
2260
1930
2419
2096
935
2093
2211
2477
1726
2093
2000
1562
755
2514
2887
2176
2004
2768
2651
1764
2094
2446
1984
1612
1698
1968
2397
1723
1281
1274
1328
2688
1599
2619
1549
1909
2213
725
1599
1659
1410
2025
2181
1982
1623
1143
1366
2253
1824
2288
2305
2180
1168
2038
416
2489
1111
1871
1901
1703
614
2223
2622
2093
951
2276
2062
1863
1771
1347
913
1980
998
2704
1397
2146
1703
2237
1600
1670
1136
539
528
1055
2045
1840
1505
386
1465
1165
1770
2071
1808
2177
1814
1062
1175
1083
1331
2830
1840
2034
2236
1616
739
560
1870
1406
3556
1802
1170
1783
1280
1929
2928
1866
2465
2028
1211
947
1781
3102
1847
1927
2170
2411
2005
2211
2059
2386
1573
2256
2112
1947
2144
1292
2195
1144
1056
1901
2643
1929
1469
1866
2252
2688
2073
2414
1909
2640
2422
1529
1358
1520
2160
2490
1422
1958
2157
2780
1938
2498
1872
1086
813
1008
1929
1575
929
1141
1410
1680
2684
2123
2339
2404
2526
1407
1808
1717
2575
1546
1869
1055
1496
1755
1276
2032
1699
1414
2459
1226
1987
1808
1741
982
2141
1888
2431
2007
2535
1263
2014
2014
1834
2027
1551
1754
2731
1151
2115
2131
749
1982
1699
1424
1689
942
2557
2859
1725
951
2265
1664
1636
1661
2546
2079
2508
2366
3024
2484
1667
3175
1883
1463
1535
2380
1501
1554
2371
1857
2211
2239
711
1694
1642
2098
1819
1502
1258
1333
2337
2886
2530
2331
2141
1552
1998
778
1837
1934
1833
2544
1600
1359
592
1360
1605
1424
2335
1127
2243
941
1337
1501
2148
2410
2026
1223
1370
1852
2468
2195
1859
795
2246
2275
2064
2137
1993
2326
1282
2443
1104
1760
2304
1894
1478
1842
1535
1264
1328
2352
2493
1306
707
1475
1527
1827
989
1840
2512
1987
2720
2185
1167
2512
2155
926
1631
1840
662
2521
1712
1520
1039
1744
1211
2427
2470
1065
345
1894
2274
2123
1509
2377
1619
1249
733
1984
1462
1901
2391
1789
2108
2389
2462
2398
1991
1416
2931
2095
1661
1686
1069
2367
2243
1521
1584
2355
1744
1937
2202
1600
1088
1680
2189
1791
2260
1904
2386
2046
2427
2066
1839
1959
2458
2011
2720
1417
1669
1761
2132
2002
2025
2423
3773
1315
1093
1549
2830
2448
901
1776
2193
1168
2034
2154
2432
2135
1840
1726
1366
1733
1488
2455
1453
1491
1744
2300
1299
2468
2234
2064
1939
1343
1766
1200
738
1930
2937
1842
2284
2059
1792
2261
1434
2193
1513
2224
2095
1751
2342
2310
1590
1598
917
1434
1138
3013
2229
1893
1987
1088
1500
3284
1049
1943
2437
975
1808
2179
1314
1745
2852
1660
1778
1957
1030
1744
1872
1269
1841
1566
2046
1303
828
1746
1682
1772
870
2794
1147
1175
1771
2288
1049
1904
1600
2053
2026
2045
913
1109
1875
1597
2369
1497
1543
1434
2032
1728
1069
1950
2288
2101
1715
921
1008
1731
2096
1965
2033
1917
2737
1290
1502
897
1673
1925
1730
1524
803
2395
1859
2332
2031
2038
2768
2499
1913
1535
1314
2619
2930
2633
1136
2256
2141
1799
885
1970
2178
2299
2141
2196
1472
2346
1456
2639
1408
2436
2358
2375
2432
2010
1139
1167
832
1975
1894
1799
2067
1293
1687
1271
829
1626
1809
1101
1615
1243
1689
2810
1711
1266
1977
1345
2107
1954
1811
2135
2921
2181
2046
2056
2000
1680
1705
1910
1760
1968
1498
2224
1422
1895
2866
2330
1504
2880
1740
1586
1458
1923
1088
2480
1563
1405
1334
1806
2326
1974
1841
1685
1230
1003
1865
1674
1494
1342
2302
2320
1351
2315
1274
2183
1417
2451
1415
1808
2127
865
2061
2670
2191
1637
1533
911
1960
2466
2570
1469
2333
1936
1399
2305
1072
1371
2083
2651
1818
945
1681
1911
1907
2310
2998
3341
1858
1571
1293
1639
2017
1627
2059
1211
2035
2142
2736
2851
1869
1237
1535
2355
1817
2224
2108
2178
160
2116
2057
1488
896
1519
1873
2610
2782
3323
1751
1664
1702
1239
934
2227
1930
2287
2335
1266
2864
2099
1183
1738
1587
2433
1847
2532
1488
2622
2368
2333
1636
1280
2958
382
1030
597
2256
2812
2445
3097
2816
2139
2137
1525
1789
1835
2426
1015
1920
818
1946
1902
336
987
1072
1571
752
1563
594
2465
2572
2030
1317
2285
1354
2944
1344
2169
2407
1926
721
2242
2350
2667
1280
1456
1936
1249
2345
1515
1609
1387
1450
1570
1995
2133
2128
1952
1869
1251
978
2320
1675
1338
2795
390
2903
667
1777
972
1139
1934
1820
1563
1850
1963
2044
1018
1872
1543
1843
1725
1814
1877
1381
1738
2604
2827
752
1978
2000
2274
848
1799
2834
2480
2816
2322
2468
2439
1742
1703
1283
2357
1927
3376
783
2063
1486
2719
1856
1860
2006
2619
2339
2480
2083
2062
1616
1646
2038
1075
1744
1225
609
1296
1475
1789
1647
2192
1655
2022
1348
2246
1879
2608
1328
3295
1607
1994
529
707
2302
2728
1193
1790
2576
2170
2103
2059
2336
2138
855
2583
2211
1733
2149
881
785
1812
1479
1733
1341
2474
1751
1916
1500
899
1979
1888
2032
2483
1509
3026
1659
1304
1805
1824
1771
763
2003
1661
1436
1109
2704
2551
1071
894
1045
1085
2410
1648
1754
1723
2161
1923
2393
2076
1767
1319
1275
3420
1642
1483
2486
2983
1636
2816
2670
1659
1532
2602
1215
1234
1566
1131
2629
1328
2352
1290
1554
2160
2421
2544
1570
1106
2106
1616
2832
359
1470
1302
1936
1184
1847
2224
987
975
1433
1216
2288
1728
1856
382
2474
1078
2661
2864
1100
1229
1855
1488
2145
2271
1265
1701
2336
1053
1104
1851
1066
2803
3120
2256
2413
2105
2766
3265
2317
1838
2083
1348
1598
1781
1113
2315
3894
1315
2221
1634
1728
1472
1200
1535
1535
1164
2206
825
2013
1770
1857
2337
1408
1223
1552
1657
2625
1091
1906
1040
1174
1310
1987
1860
1808
1654
1853
1810
2304
1623
1579
2023
2155
601
2426
2014
2199
2528
2736
2624
941
2434
1351
2418
1897
2343
1185
1921
1584
1377
848
1361
1797
2218
1601
2441
2127
2471
1489
3353
1950
1271
1719
2829
2128
2090
2251
1392
1264
2256
2909
2623
1828
1344
2004
2397
1917
1870
1351
1616
3749
2318
1762
2641
1835
1901
2864
2903
1553
2265
2864
3031
1396
1792
2416
2095
1958
1484
1744
2558
1948
1612
1764
1203
2039
1631
1531
2486
1949
1881
1186
2475
2735
1838
2317
1985
1548
1425
2061
1607
2139
2574
1166
1498
1402
2237
2331
1822
1982
1116
2393
1570
2124
1936
1986
2834
2901
1342
1922
1248
2224
1959
2624
2023
1804
1533
1427
1616
2069
2546
3029
2335
1645
2187
1859
1974
359
1983
848
2000
1408
2692
2482
1926
2495
1851
2531
2470
1389
2129
2120
2795
2160
2367
1975
2841
2227
1747
1111
2583
2251
2064
1933
1885
2060
2646
1739
1483
421
2933
3778
2491
1737
1929
2688
1105
1049
1802
2164
1872
1307
1708
1886
1035
3070
2582
2128
1661
2206
2039
1726
2106
1946
498
1573
2172
3307
2082
2096
2526
1724
1442
1296
1777
2258
1683
1365
1552
2758
2062
1792
1392
1157
1033
1950
1088
2256
1811
2890
1489
2023
1631
2932
2094
2203
778
1642
2270
1659
2351
2352
1015
1296
1577
608
1258
1979
1831
674
1830
3248
1214
1545
1013
1555
1839
1865
1479
2155
1629
1294
748
1424
1773
1447
2347
1900
2235
1488
1920
1328
1476
1975
1387
1168
1795
1947
2105
2208
1139
1349
2000
3207
2981
2494
1533
1164
1826
1397
2085
2595
1488
2571
1755
1647
1979
2326
2126
1881
2304
2835
2352
1265
1434
2212
2122
2285
2414
2009
1209
1969
1680
1295
1487
1737
1776
1264
1936
2619
1927
2141
1610
2203
2241
999
1553
1552
1932
2854
880
2305
1680
1594
1646
2070
1552
2313
1745
2064
2320
2029
1981
1129
432
1618
1633
541
1740
2015
1037
1489
599
1674
2176
1316
1161
194
1729
1617
2569
2983
1556
2352
1883
2321
3233
1612
1758
2617
1701
2778
2174
2166
886
1456
1273
1775
2191
2007
2204
1584
2482
1818
1818
2042
1062
2553
1924
1567
1994
2162
2843
1902
2069
1596
1619
886
2321
2094
297
1620
1355
1913
1511
2212
1712
2880
2227
1527
1328
2054
1464
990
2000
1452
1371
1714
2389
1718
1482
1244
1514
875
1598
1064
1346
1411
1986
2929
1490
1934
2368
2685
1667
1561
3795
2237
2159
2055
2176
1514
1631
2030
2222
370
2253
1949
1882
2458
2534
1535
2609
1234
2687
1978
2091
1959
3111
1835
1846
1616
1490
1907
1611
1682
1283
1560
2352
1146
2071
2002
1801
1127
719
2363
2038
1475
951
2832
1215
1601
1967
1874
1565
1125
2352
1601
1110
2119
2501
948
1486
1629
2192
1279
2751
1503
1879
1366
2038
2992
2183
1963
1317
2257
1868
1197
2151
1939
2587
1842
2921
2893
1518
1935
2209
1019
1309
2819
1590
2823
1724
2222
1808
2498
2304
1727
2339
2629
1003
2034
652
2413
481
2374
2205
2605
1514
1744
1644
867
1664
1470
689
1584
1555
1820
1685
2818
1478
2240
1079
1655
1239
2000
2509
2112
2363
1879
1753
3188
2819
2078
2863
2326
1280
2453
509
1947
3088
2145
1677
2507
1811
2330
1920
1310
1328
2559
3257
2224
1840
1361
1181
1677
347
2352
1969
2391
1680
1905
287
1556
2384
1519
1485
1556
2128
1936
519
2967
2769
1637
1574
2000
1713
1555
3249
1375
2229
1581
1819
2467
2057
1749
1586
1797
1903
1978
1167
1642
2000
2177
1649
1874
1569
898
1379
1396
1987
1939
1038
1811
1519
1555
2314
1856
1130
1235
1416
1493
1692
2356
1620
2000
1217
2481
1780
1415
1394
1730
816
1398
2142
1456
1254
598
2038
1949
2881
1634
1142
1845
951
2239
1122
1449
1871
2443
2241
1631
1808
1942
1625
2410
1031
1781
1772
1274
1260
1523
2112
941
2207
1742
2075
1609
2231
1584
2081
1089
1650
893
2083
2239
1221
2559
3211
2986
1307
2100
669
1386
2705
2224
2185
2731
483
1809
855
1691
2704
1261
1794
2011
1472
2480
1936
534
2006
1729
1107
3182
3024
2595
2521
3229
1599
485
2286
1962
1692
1077
1360
2223
875
1641
650
2378
1920
1339
1614
1962
1070
1843
2650
1835
2109
1520
1856
1865
1595
1075
2065
3105
1837
1083
1515
2435
1849
1473
2585
2095
2934
2962
2035
1345
1968
1323
2352
805
1682
2326
2238
2576
1774
1152
2755
2393
1958
1990
1531
1097
1917
1776
2091
1870
2519
2393
1125
1806
2096
2608
1571
2093
1950
2297
2738
2181
2224
1563
1908
2226
1549
1639
1920
1612
1699
1840
1439
992
1133
2315
1360
1531
2455
2624
1648
2647
1475
2797
1881
2029
1782
2047
1646
2015
2026
1339
2211
1819
1639
1962
2213
1433
1408
1210
935
1889
1776
927
2176
1445
1950
1513
2104
1282
2071
880
2218
2402
1558
1620
2346
1641
1838
1875
1214
2011
1891
2877
2030
2576
1965
2127
2669
2577
2310
1943
1272
2256
2073
2992
1638
2219
1664
1168
1254
1496
1805
2202
2800
832
1942
1459
1520
1883
2375
1291
1439
1553
1927
2365
1856
1293
1607
1969
1279
1439
1515
1738
1472
2369
2544
1045
1733
1126
1489
1051
1474
2017
2817
2225
2653
2991
1705
2416
2716
1853
1263
3200
1258
1603
2535
1243
848
1515
1131
1861
2115
2416
2515
1215
1835
2304
2083
1104
1936
1329
2800
3061
2145
1935
1359
1949
2078
1698
1990
1447
2322
1056
2139
2239
2107
2335
2155
1687
783
810
900
1713
587
2663
1853
2413
2178
2679
2774
1505
2204
2749
1881
2534
639
2085
2128
1923
1067
2481
1768
1910
618
2749
1754
1451
2490
1216
988
1736
2320
695
2205
1867
2262
2061
1459
1410
435
1322
2357
1872
1360
3609
3041
1925
1973
1994
1992
1601
2085
1070
2426
2370
2585
2128
1971
1401
1654
2304
1851
2015
2314
1801
1498
1650
1413
1455
2511
1767
2458
2041
1408
1294
1707
2091
2027
1306
1950
1872
931
1301
1819
2220
1222
2149
1585
2259
1738
2487
1213
2576
1931
2239
1792
2627
2314
1605
2215
2058
768
1296
2064
1520
1745
1820
2330
1797
1501
1870
2416
1879
2062
2454
1366
1961
2192
1165
1683
1553
1751
298
2809
2250
2195
1997
82
1070
1075
1726
2409
1291
2509
1686
1104
1653
1283
1136
2427
1663
2663
916
784
1952
1998
1927
2837
1374
1287
1969
1031
1810
1904
1774
2160
2355
1571
1744
2329
1441
1296
1861
2432
1470
1386
2040
1852
1030
1424
2099
1775
1984
2163
1107
2443
654
838
2186
1207
1847
1007
1961
2715
2401
2294
1962
2747
1203
2031
2925
1296
1275
2090
2112
2235
768
1741
2039
2176
2657
2000
1909
1241
1936
1723
1840
1046
978
1638
1714
1948
1244
1881
1901
1675
1913
1543
1622
2430
1591
1589
1545
1615
1771
2289
1019
1839
1424
1309
2234
3042
1379
1269
1259
85
1872
2288
1170
1984
1424
1619
1296
1523
1497
2128
1488
1648
1920
2961
1115
1879
1262
1507
1826
1821
3472
2132
596
2394
1348
1744
2219
1893
1395
2590
2213
2867
2098
1779
2214
2419
1293
1399
1919
1342
967
1648
1270
1982
1792
2379
1587
1010
3082
1648
2015
1776
2384
2323
2000
1639
1861
1986
1660
1251
2160
1369
1994
1433
1394
1687
2868
933
1134
2022
610
1909
2007
2150
1379
1488
818
1509
1777
736
1616
2031
1363
1626
1631
1132
1629
1079
1710
1029
1341
2205
3053
2777
752
2965
1781
1328
683
1166
1783
2193
2384
2157
2473
1711
2473
1092
1985
2972
1576
2382
1046
2704
3232
1726
937
1183
1972
1349
2738
1693
1462
1679
853
2654
2352
1701
921
2429
2333
2349
2867
2306
2057
1008
2140
2822
1945
930
1631
2629
2407
2542
1920
1350
1746
2557
2516
2534
1839
2224
1435
2011
1934
1637
1103
1276
1703
1818
1280
1441
2548
2726
2427
1792
2802
1371
2544
2266
1741
1600
2112
1582
1763
1996
2345
1232
819
1259
1937
2081
1659
1989
1585
473
971
1021
1758
2302
1520
1495
686
929
1984
1750
1443
1312
1233
2061
2230
1904
1607
1437
2549
1456
1250
1949
731
1814
1050
1946
2065
1742
983
554
2818
1840
2704
1712
1394
1490
1805
2239
1981
1967
477
1969
1104
2420
1453
1520
928
2620
1689
795
877
1658
1523
1778
1712
2194
1009
2193
1744
1600
2331
1907
1149
1969
2736
2416
2209
2419
2672
2131
1867
2374
752
1488
2095
1508
2256
1970
2586
2585
1869
2036
1616
1600
3067
1159
1521
1680
2230
1199
1424
1732
1680
1744
1554
1072
1665
1430
2333
2837
2003
2076
1053
2083
1703
1147
2589
1831
2832
2408
2112
2483
1280
1759
1902
1492
2527
1786
1548
955
2000
1474
1103
1851
2901
3122
1264
1673
1397
1799
1886
1744
1810
2027
1616
2721
2640
1381
1722
2117
682
1008
2256
2176
1829
2385
2054
2006
3047
848
2023
682
1511
1806
2176
801
2372
2177
1444
1939
2302
1840
1712
2513
2736
1236
1249
2052
2483
1755
1854
739
1600
2536
1840
2475
1040
1742
2331
2378
1719
1744
1735
1722
1813
1683
947
1562
1920
1217
2398
1942
1313
1776
1593
1167
1126
1697
1526
1630
2549
1554
1200
1117
341
1454
2128
2064
2320
2752
1341
2332
1491
1693
1810
3245
1979
2419
2886
2557
1520
747
1200
2074
2262
1563
1556
1615
2000
251
1297
2369
1072
2432
1612
2698
1175
549
2400
1808
2704
2430
1149
1407
2255
3012
1872
2718
1675
2928
1587
1812
1195
2005
2202
1399
1103
2220
1792
1872
1453
1493
1731
2379
2337
2570
2982
2043
1168
2173
2371
1775
1938
1828
2014
2026
2450
748
1829
1426
2055
2097
2251
2026
1488
2358
1733
2469
3194
1458
1929
1164
3340
630
709
2580
1266
1718
1486
2187
2243
1694
2445
1264
2320
2129
1257
1455
1622
2192
2480
2747
1534
1701
2227
1577
2273
1941
519
1680
697
2521
2653
2862
1744
749
1627
1408
3019
1968
1812
1903
597
2392
1437
1616
1583
2021
1654
1838
2038
2689
1634
1590
553
1185
1884
1648
1168
1044
747
1424
1885
1744
1689
2666
1216
2635
1215
2741
2168
1339
1022
880
1499
1818
2126
1703
1216
1591
1919
2639
1792
1356
2459
1770
2181
1806
1406
1907
2169
2288
2638
1264
2815
1357
1791
2581
1678
1328
1821
1463
2670
1777
575
2013
357
2509
1456
1647
1366
371
2493
947
1152
2421
2317
1770
1057
1232
1843
1467
1664
2432
3093
1111
1975
1488
1136
1168
1424
2030
903
1420
2090
2160
816
2304
1787
1734
1639
2036
1250
1533
1577
1472
2118
2897
2727
1918
2315
2941
2160
2570
1557
2352
1203
792
2691
2512
822
1549
2180
2577
1467
2573
832
1454
1623
1834
2331
2836
1723
2335
1010
1030
1787
1213
2412
1872
1125
1808
1824
1956
1488
1679
2550
760
2177
1477
2351
1398
2365
1486
2347
944
3715
1936
2383
1088
1597
1464
1584
2134
1168
2627
2192
2113
1311
1730
2174
1287
2310
2334
2205
1100
1791
1905
850
2127
2171
1842
1421
1254
1789
645
2953
1306
1254
2736
2896
1901
2247
2207
1366
832
2359
1836
2273
1664
1504
1071
2335
2544
2308
1326
2182
3655
1933
2902
2247
861
3122
2066
579
1490
1645
2153
1027
2355
2688
2085
1645
1749
2445
986
1694
1967
1162
1904
992
2194
1434
1796
2889
1291
1783
2098
3187
1703
1408
1728
1724
1923
1439
1280
1150
1566
2099
1089
1815
3150
2000
454
1471
2245
1099
3372
1168
1776
737
1274
1683
1427
1066
1774
1838
1406
2263
2639
2655
1264
1712
1924
1123
1627
2060
2110
1350
2003
2332
1268
2083
2579
1195
1926
2151
1867
1363
2926
1840
2387
2881
2243
1639
2231
2059
1971
1967
1456
2096
1879
1892
2014
1791
1472
2378
2543
1961
2042
2009
1758
2372
887
2192
1357
1557
2763
1986
1936
2409
1286
1794
3120
1959
2282
677
2198
733
1363
2283
1853
1843
1917
1029
1570
1975
1872
1932
994
2292
2007
998
1822
2752
1718
1947
1926
1456
2111
1285
1543
2486
2353
1689
1552
970
862
2419
1022
2666
1333
1907
1261
2852
2559
1649
2698
1595
2183
1416
2006
2395
1728
1081
1690
2364
1735
1083
866
1718
2310
1639
1751
867
2088
1770
1344
1381
1961
2119
2650
2961
1920
1310
1776
581
1808
2437
2803
2655
1361
1915
1339
1263
1405
2284
1037
1867
2781
2183
1843
1331
1218
650
1654
2275
1747
2355
2697
3056
1549
1702
1514
1541
2227
2346
641
1825
2153
2268
2347
2432
1343
2160
2909
2097
1919
2222
1501
2074
1661
2112
2353
1856
1073
1606
1808
906
683
1588
2857
2205
2323
2310
2224
1941
1842
2219
1942
1826
2083
1409
819
2512
2228
1951
2352
1042
1535
2874
1660
1209
1034
1831
1870
1554
2288
2496
2537
2166
2555
1382
2485
2270
3057
1104
674
1961
3317
2265
2755
1782
1264
2193
972
1833
2208
1130
2417
2663
3111
2160
1797
1849
2265
1881
2082
2384
1198
2107
1217
357
258
2827
2095
1968
1856
1985
1302
2699
1600
1937
1366
793
1784
1855
2845
2023
2759
2471
2287
1407
2710
2097
3280
859
1063
2229
1197
1645
1051
1776
1142
2065
2736
1975
1585
2735
2246
1627
1725
1733
980
1700
1201
1250
1187
1730
1667
652
1345
1341
1031
1315
1819
1490
1761
2685
2193
1786
1297
990
2134
1214
2883
1280
1905
1799
2135
2325
1584
1329
1342
1045
1570
1597
2036
1712
2477
1838
1111
2698
977
1914
262
1716
2875
1447
1659
1648
2402
1997
1195
1961
1679
1182
1280
3163
1517
2000
1845
1052
1949
1409
2329
655
1552
1655
2309
2018
1969
2681
2661
1694
1425
1674
2309
1001
987
1216
1923
1298
2240
2046
1659
1148
1234
1826
1809
1375
1798
1224
1506
2045
1440
1424
2320
2074
1957
802
1663
1141
1929
801
2290
2064
1306
1658
1715
1184
1744
1765
1859
1869
1799
2201
1515
690
1252
2686
1591
2364
1527
1590
1014
2256
3334
3120
1807
2200
1765
2005
1887
1989
256
784
1599
1876
1338
1393
2414
2346
2622
1847
2427
3008
2287
2230
1207
793
1243
1793
2413
2188
1895
842
1759
2061
1674
3066
2135
2373
2803
1526
1871
2349
3237
2021
2323
2160
1271
1707
1901
1926
1980
2325
1884
1904
3028
1681
2112
2087
1387
1601
857
3161
971
385
944
1732
2608
1578
2416
1366
2469
1685
1156
778
1297
1793
2610
1223
1254
162Â458
1040
2278
1689
1323
1206
1596
2113
1365
459
1081
1423
2454
1201
2449
1973
1247
2078
868
278
1815
1821
2194
1431
1533
1968
1601
1185
1795
1505
2240
1265
1270
886
1695
1829
2001
2878
1583
2241
451
3086
1328
2142
1726
3091
2245
2195
1842
1727
1500
1273
2736
876
1309
2723
1387
1487
827
2336
1725
1690
1055
2180
1552
1930
1517
2242
1504
934
1904
2041
1653
1223
2517
2455
1529
1726
2302
2501
2372
1494
2627
1554
1598
1914
1137
418
1652
1872
1134
2105
1430
2059
2668
1960
2139
2253
1633
2074
1946
2502
1552
805
2047
960
1942
971
1931
1655
2794
1155
704
1011
2555
1835
1371
633
444
1739
1824
1552
734
2353
1321
1911
2277
2320
2402
2090
1200
988
2570
1859
2228
1451
2663
1879
1851
1947
2002
765
1489
2553
463
990
1798
2335
1033
1984
1673
1409
1118
1931
2097
1326
1232
2042
3665
679
1749
1808
1969
1622
810
1573
1552
1985
2479
2465
2133
1041
185
1875
1489
1597
1648
2705
1377
2000
1712
1188
1744
1615
1549
1088
1408
1842
2182
2005
982
1809
416
1552
1729
2324
2321
2224
2062
2426
1762
2196
2775
2006
2394
1153
2611
1985
2107
1639
1238
1905
2286
1337
2703
1635
1378
3702
1394
1286
1835
1594
1981
2038
1917
2210
1900
2295
1890
2099
1705
943
2122
2781
1811
2885
2192
2146
2283
1424
1859
1339
2544
1979
2396
1095
1550
2195
2981
784
598
944
1987
1454
1662
2496
1635
1319
2679
1668
1808
2003
2057
2112
543
1072
1753
1567
2275
2064
2096
1606
1646
2418
1562
2455
2154
2574
965
1585
2192
1472
1840
1398
1767
2675
1031
1063
2487
721
2031
2001
2352
1678
322
1938
2030
1152
1449
1426
2168
2064
1115
1219
1621
1799
2448
1119
1232
2540
1103
1008
2096
960
1862
1313
1798
2750
750
2374
1520
2145
2118
1482
1744
2227
2960
340
1402
1881
1776
2305
2614
2001
1761
2945
2273
3371
1780
2896
2734
2096
1629
1296
1968
1386
1500
1805
2559
1833
2191
3328
2830
1999
794
2194
1904
1254
2438
2086
256
1936
2415
1165
1904
1813
2271
1958
1951
1717
1414
1798
1168
2096
2258
1520
2352
2369
2378
1839
2490
1325
2093
747
1232
1259
1232
1427
1911
2604
1839
1847
2805
2038
2202
1388
1233
1051
2272
1975
1968
3041
2240
2047
2223
2944
1773
1228
1296
1941
1501
1122
704
1808
1648
2320
1163
442
2000
1109
2086
1296
1680
2625
1370
431
1698
1248
1051
1511
1807
1237
1078
762
15
876
1925
1834
1251
1572
1850
2305
3101
3087
1104
2448
1053
1393
1936
1137
2591
2576
2100
989
1725
2478
2819
2019
1189
1104
1488
1392
3325
2465
1531
1967
1738
1835
1741
2483
854
1213
2585
959
2497
1897
1066
1666
814
1949
1514
1175
333
2467
1813
1288
1775
1407
1008
2398
1971
1380
1765
1342
1601
1424
2179
1819
1724
2629
519
1431
1201
2640
1406
1718
1625
1130
2480
2043
885
2160
1801
1247
2486
2855
2593
2350
2278
1872
1534
1918
1356
1808
3189
2279
1847
1730
2055
2096
1840
1673
720
2854
1584
1350
1331
1840
1188
619
1411
2157
1446
1798
1699
2224
1290
2047
1905
1382
1015
1920
955
2174
2125
2047
2214
2656
370
1777
2193
1343
1760
779
1579
1229
2292
1340
1637
1785
2085
2158
1911
835
1149
834
2233
1523
2328
2113
1825
2373
1968
2672
2353
949
1264
2321
1923
1339
1991
3250
1526
1552
1972
2245
1474
2128
1382
3021
2355
1584
1777
2329
2402
2006
1833
2752
2018
1087
1829
786
1885
2390
1197
1588
1837
2017
1460
2834
1168
1546
2249
2654
2577
1871
1862
1711
2342
1410
1615
2494
2209
2327
1811
1285
2352
2643
1361
1584
2355
2103
1934
1386
2127
1732
1936
1112
1653
2239
2674
1751
1661
1584
2235
1227
1334
1968
1550
2065
2224
2558
1850
1629
2182
2304
2416
1427
1777
2134
2286
2347
2512
2482
1694
2677
2032
1527
906
1237
737
1665
2448
2001
1831
1805
657
2311
1461
2290
757
2233
2167
1275
2041
691
2282
1514
2470
1839
3486
756
511
1744
370
2305
2323
2399
1829
2361
1765
1844
1919
1773
2242
1378
2054
2377
1378
1872
2739
1572
2367
1978
2524
626
1312
2367
1587
1306
1150
2057
2162
1558
1526
1422
1798
2066
1904
2640
1621
263
322
1934
1629
1568
2992
2109
2240
2803
1072
2077
1515
1990
1883
2320
3537
3753
2161
1280
2103
1204
2551
1456
1869
2141
1855
2295
2234
1843
1072
2378
2149
2491
1463
1454
1216
1580
1648
1991
1248
2128
1772
1665
1482
2174
2035
1183
2527
3311
1345
2320
3763
199
2093
1926
782
1971
1906
965
2320
1856
1182
2167
1655
1501
1595
2559
1040
1818
2192
2225
1904
2283
2864
1917
1450
2464
2779
1369
2381
2515
2318
1920
1021
2197
1235
2559
2022
1695
1285
1707
854
1633
1386
1646
1523
1653
2041
2335
1270
1802
1781
1248
1213
1469
1747
2122
1840
1270
1012
1360
1211
2527
1905
2853
2066
972
2625
1329
1915
1584
2438
1520
2699
2140
1199
1280
1984
2347
1705
1904
2199
1845
893
2269
882
1795
2308
1990
1616
1854
1878
1713
2256
1712
1312
1872
2416
635
1875
1264
544
2333
2340
1523
2288
1106
3667
587
1487
1195
1543
1668
1424
1199
2290
1447
2165
2353
2430
1968
1791
1321
1585
1518
1248
1079
1353
2191
1917
1920
1522
1346
2530
2080
1422
1795
1739
1739
2273
1894
2112
1634
2781
2704
669
1106
2287
1781
1488
1937
1106
1271
2419
2272
2470
1973
1597
1725
1274
1858
2445
1875
1144
2033
1744
2147
3238
2094
1142
1667
2215
1392
2645
2788
1232
887
1890
1313
1881
3027
2256
1835
1590
1973
941
1627
2512
1810
1287
2160
1523
2368
801
2815
1891
1806
1323
2095
1141
1099
1362
1865
1151
1264
2432
2359
1190
1781
1824
1920
2236
3590
2687
1235
2449
2167
1314
2014
1648
745
2353
793
2106
2093
2690
1122
1193
1866
2667
2012
1148
2861
3341
1961
1616
1782
2112
938
2022
2206
2288
477
1693
2423
1709
1745
1817
1853
2233
400
1128
2579
2519
2258
2289
2439
2119
1413
2224
1847
1738
1397
2178
739
3151
2096
2211
1616
2262
2115
1840
1713
1674
1840
2062
2580
1827
1937
1179
1433
1513
815
1620
1634
865
2272
1149
2782
3547
2774
1795
2032
1566
2192
1386
2057
2105
2653
1616
1840
1891
2282
2086
1822
2127
2062
2402
1398
1323
1671
1341
1015
1131
1728
898
1232
683
2624
2337
1566
2455
1727
2845
1710
1936
2256
1904
2283
893
1509
1613
1362
2693
1786
996
1088
2881
1085
1520
2259
3245
1360
2193
3889
2413
1936
1921
1417
2708
2289
1697
2154
2801
2448
1618
1419
2192
861
2073
1872
1839
1076
1372
1568
1946
2256
1005
1734
1697
1270
2812
1683
2039
1792
722
2394
1874
1962
2726
2640
1088
2156
1292
2581
2382
1613
2178
1291
2394
2022
1279
1702
2614
1792
1888
2128
2029
1653
2128
2537
1787
1653
827
2128
2384
1534
1808
1713
2100
1214
1869
2631
1414
1218
1142
1876
2672
1970
2238
1185
1179
1892
1558
2160
2661
3021
1732
2352
1370
1777
805
1271
1150
1482
1203
1480
1997
1516
1406
1349
1137
1097
2133
1642
2237
1933
1877
1360
1472
1315
1488
1359
1693
1711
1735
774
2368
1344
1040
2458
2172
1471
2497
1268
1947
2410
2327
1230
2800
1293
2170
2230
1712
1893
954
1365
879
898
1796
1578
2131
1398
1712
979
1766
863
883
2138
1872
2923
2863
1183
1666
2259
1154
1711
1340
1916
1939
3118
2621
2005
1357
1136
1395
483
1994
1728
1856
1648
978
3174
2656
1655
1930
1222
1840
2507
1476
838
692
948
2126
1445
1035
1161
1920
1776
1419
2121
1513
588
2225
3184
2443
2224
1549
3426
1936
3099
1157
1472
2366
1652
1669
1184
2693
2032
1559
1904
1237
2330
912
1434
2226
2384
2722
1744
1936
630
1968
1114
785
1173
2155
1127
1638
1598
2233
2923
1702
1675
2548
886
2000
2876
1876
428
1574
1884
1351
1904
1600
1391
2635
998
2211
1904
1055
3227
1763
1541
1073
1731
2172
1500
1966
2426
1722
2571
2416
2254
1504
1776
1419
1971
1525
1443
1342
1766
2558
1609
2174
407
798
970
2606
1872
1294
1378
1047
1570
1748
2410
2219
2134
1382
1515
1420
2567
2816
1285
794
1677
983
2495
2669
1550
2510
2447
2384
1434
1322
1747
1142
1823
1730
1995
2163
1270
1906
2047
2261
2137
1594
930
631
1915
2960
2650
1558
1515
1892
1829
1232
2556
973
1001
1316
831
1731
1190
783
1524
1935
2688
2149
1699
467
1558
768
2530
2449
2240
2134
1317
1789
1904
2114
2496
1797
1138
1565
2011
2257
2647
1970
1443
2112
2092
1619
2374
2077
2026
1268
2795
3088
3406
835
1574
1674
1361
1379
1534
2018
2106
1424
1519
2000
2217
2423
1965
1708
1789
2437
2510
2021
2176
1776
1629
2250
2452
1805
2605
1967
1513
1030
341
3658
1188
2182
1818
2800
1967
1706
1763
2258
2469
2001
207
576
2387
1967
2299
1994
2341
2198
1911
1907
2511
1868
2207
1462
1350
1439
1673
2063
2524
1798
1587
1847
2115
1664
2256
1920
1326
2738
1745
927
1292
1712
1952
1954
2000
1563
1127
883
1874
1910
1638
2399
1914
2262
1280
2000
2624
1616
2603
1345
2351
2057
2192
1693
1682
1910
925
2544
2267
1614
1361
2220
1685
1825
2112
1770
1680
1813
1781
2201
2397
2128
2573
3130
2674
1116
1386
2081
1854
1455
1270
2473
2073
902
1277
2781
2096
