/*------- X -------*/
3.877863
3.854962
3.770992
3.778626
3.740458
3.847328
3.786260
3.755725
3.725191
3.763359
3.809160
3.786260
3.778626
3.801527
3.786260
3.763359
3.725191
3.694656
3.732824
3.732824
3.893130
3.717557
3.732824
3.702290
3.763359
3.709924
3.832061
3.770992
3.740458
3.748092
3.786260
3.786260
3.885496
3.702290
3.809160
3.763359
3.694656
3.770992
3.755725
3.832061
3.839695
3.786260
3.847328
3.793893
3.702290
3.709924
3.832061
3.832061
3.625954
3.671756
3.824427
3.732824
3.748092
3.770992
3.832061
3.786260
3.801527
3.847328
3.748092
3.809160
3.740458
3.725191
3.816794
3.778626
3.732824
3.755725
3.709924
3.778626
3.847328
3.847328
3.854962
3.824427
3.832061
3.694656
3.832061
3.763359
3.717557
3.748092
3.740458
3.801527
3.763359
3.770992
3.740458
3.786260
3.870229
3.832061
3.732824
3.694656
3.801527
3.732824
3.671756
3.824427
3.709924
3.786260
3.778626
3.755725
3.801527
3.801527
3.778626
3.862595
3.770992
3.847328
3.824427
3.862595
3.885496
3.763359
3.801527
3.702290
3.725191
3.854962
3.770992
3.809160
3.854962
3.816794
3.778626
3.778626
3.832061
3.824427
3.740458
3.778626
3.801527
3.923664
3.816794
3.748092
3.839695
3.877863
3.755725
3.725191
3.770992
3.793893
3.740458
3.809160
3.786260
3.847328
3.786260
3.816794
3.702290
3.725191
3.656489
3.786260
3.717557
3.702290
3.671756
3.732824
3.755725
3.763359
3.770992
3.740458
3.755725
3.824427
3.801527
3.755725
3.778626
3.847328
3.793893
3.786260
3.809160
3.755725
3.778626
3.786260
3.748092
3.770992
3.717557
3.809160
3.916031
3.679389
3.702290
3.824427
3.854962
3.809160
3.778626
3.748092
3.709924
3.732824
3.755725
3.740458
3.832061
3.824427
3.770992
3.725191
3.755725
3.824427
3.824427
3.709924
3.755725
3.778626
3.847328
3.801527
3.793893
3.824427
3.793893
3.793893
3.755725
3.809160
3.801527
3.725191
3.801527
3.801527
3.778626
3.778626
3.801527
3.702290
3.709924
3.824427
3.877863
3.862595
3.824427
3.740458
3.778626
3.748092
3.679389
3.770992
3.671756
3.770992
3.725191
3.824427
3.816794
3.778626
3.709924
3.809160
3.793893
3.824427
3.847328
3.770992
3.778626
3.793893
3.709924
3.755725
3.832061
3.717557
3.709924
3.809160
3.679389
3.816794
3.778626
3.839695
3.793893
3.847328
3.809160
3.801527
3.778626
3.740458
3.824427
3.786260
3.854962
3.778626
3.854962
3.740458
3.786260
3.725191
3.709924
3.732824
3.786260
3.824427
3.748092
3.778626
3.786260
3.832061
3.770992
3.832061
3.763359
3.702290
3.816794
3.709924
3.702290
3.725191
3.793893
3.671756
3.748092
3.687023
3.778626
3.725191
3.793893
3.755725
3.671756
3.770992
3.793893
3.832061
3.908397
3.885496
3.839695
3.793893
3.687023
3.893130
3.702290
3.748092
3.824427
3.816794
3.832061
3.793893
3.671756
3.801527
3.801527
3.832061
3.717557
3.763359
3.763359
3.748092
3.679389
3.709924
3.793893
3.809160
3.809160
3.847328
3.763359
3.793893
3.801527
3.732824
3.778626
3.832061
3.809160
3.748092
3.763359
3.709924
3.671756
3.801527
3.854962
3.717557
3.839695
3.877863
3.748092
3.748092
3.816794
3.801527
3.671756
3.839695
3.786260
3.748092
3.778626
3.763359
3.717557
3.793893
3.740458
3.770992
3.755725
3.725191
3.793893
3.732824
3.816794
3.862595
3.931298
3.748092
3.687023
3.824427
3.763359
3.832061
3.816794
3.748092
3.824427
3.809160
3.793893
3.755725
3.847328
3.809160
3.755725
3.824427
3.770992
3.832061
3.786260
3.786260
3.740458
3.885496
3.786260
3.778626
3.763359
3.748092
3.725191
3.770992
3.824427
3.824427
3.816794
3.748092
3.793893
3.725191
3.809160
3.908397
3.778626
3.816794
3.816794
3.847328
3.824427
3.793893
3.778626
3.755725
3.786260
3.755725
3.702290
3.801527
3.900763
3.832061
3.725191
3.717557
3.793893
3.763359
3.824427
3.900763
3.847328
3.832061
3.763359
3.770992
3.793893
3.908397
3.862595
3.793893
3.748092
3.740458
3.778626
3.854962
3.801527
3.839695
3.847328
3.740458
3.839695
3.847328
3.778626
3.755725
3.816794
3.832061
3.786260
3.763359
3.839695
3.763359
3.839695
3.832061
3.702290
3.816794
3.748092
3.854962
3.755725
3.763359
3.748092
3.916031
3.916031
3.793893
3.839695
3.709924
3.732824
3.801527
3.770992
3.732824
3.801527
3.854962
3.862595
3.816794
3.786260
3.740458
3.877863
3.671756
3.748092
3.755725
3.854962
3.793893
3.931298
3.824427
3.847328
3.793893
3.801527
3.755725
3.816794
3.816794
3.816794
3.778626
3.801527
3.786260
3.732824
3.778626
3.786260
3.847328
3.931298
3.770992
3.770992
3.824427
3.839695
3.770992
3.816794
3.770992
3.763359
3.824427
3.748092
3.809160
3.778626
3.732824
3.755725
3.801527
3.770992
3.816794
3.824427
3.809160
3.870229
3.824427
3.809160
3.770992
3.809160
3.778626
3.854962
3.694656
3.748092
3.809160
3.793893
3.946565
3.908397
3.824427
3.809160
3.770992
3.877863
3.854962
3.717557
3.725191
3.717557
3.732824
3.717557
3.725191
3.748092
3.763359
3.778626
3.870229
3.801527
3.900763
3.687023
3.770992
3.702290
3.793893
3.725191
3.755725
3.694656
3.763359
3.717557
3.702290
3.755725
3.770992
3.702290
3.816794
3.770992
3.740458
3.786260
3.801527
3.809160
3.732824
3.748092
3.748092
3.732824
3.778626
3.694656
3.770992
3.717557
3.778626
3.763359
3.824427
3.839695
3.694656
3.832061
3.786260
3.763359
3.793893
3.793893
3.786260
3.862595
3.824427
3.793893
3.832061
3.801527
3.725191
3.786260
3.809160
3.748092
3.778626
3.793893
3.786260
3.694656
3.709924
3.778626
3.687023
3.816794
3.709924
3.641221
3.793893
3.824427
3.824427
3.770992
3.824427
3.717557
3.847328
3.809160
3.824427
3.809160
3.793893
3.862595
3.847328
3.801527
3.770992
3.717557
3.748092
3.778626
3.763359
3.809160
3.832061
3.763359
3.946565
3.801527
3.900763
3.778626
3.824427
3.832061
3.786260
3.732824
3.778626
3.801527
3.885496
3.801527
3.824427
3.839695
3.824427
3.809160
3.763359
3.770992
3.740458
3.839695
3.732824
3.732824
3.763359
3.717557
3.694656
3.893130
3.870229
3.908397
3.786260
3.801527
3.809160
3.763359
3.786260
3.755725
3.816794
3.832061
3.748092
3.778626
3.816794
3.824427
3.816794
3.709924
3.778626
3.770992
3.793893
3.885496
3.847328
3.801527
3.770992
3.679389
3.687023
3.793893
3.763359
3.687023
3.816794
3.801527
3.748092
3.847328
3.854962
3.770992
3.755725
3.786260
3.778626
3.832061
3.877863
3.778626
3.816794
3.755725
3.778626
3.793893
3.778626
3.824427
3.770992
3.793893
3.755725
3.809160
3.816794
3.755725
3.801527
3.702290
3.862595
3.793893
3.824427
3.725191
3.809160
3.763359
3.709924
3.763359
3.801527
3.786260
3.832061
3.824427
3.770992
3.809160
3.770992
3.740458
3.770992
3.900763
3.809160
3.793893
3.816794
3.633588
3.793893
3.763359
3.748092
3.786260
3.664122
3.740458
3.854962
3.824427
3.748092
3.893130
3.763359
3.801527
3.801527
3.770992
3.740458
3.671756
3.786260
3.763359
3.801527
3.694656
3.778626
3.801527
3.832061
3.770992
3.763359
3.809160
3.786260
3.832061
3.694656
3.763359
3.816794
3.839695
3.816794
3.687023
3.786260
3.755725
3.778626
3.839695
3.916031
3.763359
3.755725
3.694656
3.702290
3.709924
3.832061
3.755725
3.824427
3.763359
3.770992
3.786260
3.854962
3.847328
3.793893
3.778626
3.755725
3.839695
3.847328
3.732824
3.717557
3.717557
3.778626
3.717557
3.839695
3.839695
3.816794
3.893130
3.748092
3.816794
3.900763
3.824427
3.755725
3.664122
3.770992
3.824427
3.763359
3.839695
3.755725
3.748092
3.717557
3.809160
3.793893
3.824427
3.885496
3.748092
3.801527
3.770992
3.770992
3.793893
3.748092
3.763359
3.778626
3.709924
3.694656
3.877863
3.847328
3.854962
3.786260
3.778626
3.793893
3.839695
3.816794
3.763359
3.786260
3.786260
3.755725
3.763359
3.801527
3.847328
3.862595
3.801527
3.847328
3.862595
3.809160
3.816794
3.809160
3.839695
3.709924
3.702290
3.770992
3.786260
3.748092
3.702290
3.824427
3.763359
3.770992
3.839695
3.717557
3.801527
3.755725
3.893130
3.809160
3.786260
3.816794
3.786260
3.793893
3.709924
3.755725
3.824427
3.778626
3.809160
3.824427
3.816794
3.770992
3.725191
3.755725
3.755725
3.679389
3.755725
3.801527
3.732824
3.717557
3.755725
3.648855
3.763359
3.809160
3.870229
3.763359
3.801527
3.793893
3.709924
3.748092
3.870229
3.862595
3.755725
3.748092
3.717557
3.694656
3.793893
3.709924
3.763359
3.748092
3.763359
3.847328
3.847328
3.793893
3.847328
3.793893
3.870229
3.778626
3.824427
3.862595
3.809160
3.694656
3.877863
3.786260
3.809160
3.778626
3.755725
3.786260
3.793893
3.778626
3.816794
3.854962
3.862595
3.847328
3.809160
3.862595
3.824427
3.717557
3.778626
3.816794
3.870229
3.816794
3.816794
3.847328
3.679389
3.656489
3.862595
3.839695
3.755725
3.778626
3.748092
3.694656
3.740458
3.748092
3.740458
3.694656
3.809160
3.832061
3.763359
3.793893
3.694656
3.847328
3.847328
3.816794
3.763359
3.778626
3.778626
3.748092
3.916031
3.770992
3.862595
3.839695
3.770992
3.770992
3.770992
3.763359
3.755725
3.671756
3.786260
3.854962
3.877863
3.740458
3.770992
3.839695
3.786260
3.778626
3.801527
3.763359
3.770992
3.809160
3.778626
3.748092
3.786260
3.816794
3.832061
3.793893
3.717557
3.801527
3.709924
3.755725
3.854962
3.786260
3.732824
3.725191
3.839695
3.854962
3.793893
3.679389
3.786260
3.854962
3.839695
3.702290
3.687023
3.778626
3.702290
3.770992
3.832061
3.717557
3.717557
3.770992
3.870229
3.786260
3.854962
3.786260
3.793893
3.763359
3.732824
3.740458
3.801527
3.770992
3.717557
3.755725
3.877863
3.786260
3.847328
3.786260
3.832061
3.763359
3.763359
3.847328
3.877863
3.816794
3.770992
3.763359
3.900763
3.832061
3.732824
3.816794
3.778626
3.786260
3.793893
3.740458
3.778626
3.748092
3.801527
3.732824
3.702290
3.732824
3.679389
3.709924
3.770992
3.816794
3.824427
3.763359
3.740458
3.778626
3.755725
3.648855
3.786260
3.786260
3.717557
3.755725
3.793893
3.793893
3.694656
3.870229
3.778626
3.832061
3.816794
3.824427
3.870229
3.801527
3.809160
3.740458
3.725191
3.854962
3.862595
3.732824
3.786260
3.832061
3.740458
3.870229
3.763359
3.748092
3.778626
3.816794
3.748092
3.854962
3.809160
3.816794
3.717557
3.786260
3.763359
3.801527
3.854962
3.832061
3.824427
3.908397
3.763359
3.725191
3.687023
3.755725
3.793893
3.679389
3.679389
3.709924
3.778626
3.801527
3.770992
3.801527
3.763359
3.832061
3.656489
3.816794
3.709924
3.725191
3.839695
3.847328
3.671756
3.832061
3.763359
3.770992
3.709924
3.793893
3.786260
3.832061
3.862595
3.740458
3.793893
3.839695
3.832061
3.847328
3.778626
3.839695
3.763359
3.908397
3.755725
3.900763
3.793893
3.755725
3.786260
3.801527
3.755725
3.709924
3.824427
3.832061
3.809160
3.664122
3.748092
3.809160
3.732824
3.664122
3.809160
3.702290
3.687023
3.824427
3.725191
3.778626
3.740458
3.748092
3.847328
3.778626
3.748092
3.809160
3.786260
3.816794
3.839695
3.755725
3.786260
3.763359
3.740458
3.786260
3.854962
3.824427
3.862595
3.809160
3.931298
3.824427
3.801527
3.832061
3.732824
3.740458
3.801527
3.801527
3.847328
3.816794
3.832061
3.832061
3.732824
3.801527
3.854962
3.748092
3.755725
3.725191
3.839695
3.786260
3.725191
3.717557
3.839695
3.816794
3.763359
3.770992
3.671756
3.847328
3.816794
3.778626
3.893130
3.801527
3.740458
3.725191
3.763359
3.770992
3.748092
3.732824
3.770992
3.793893
3.793893
3.725191
3.832061
3.778626
3.839695
3.816794
3.770992
3.732824
3.732824
3.847328
3.725191
3.793893
3.839695
3.786260
3.740458
3.900763
3.786260
3.717557
3.786260
3.641221
3.770992
3.816794
3.862595
3.778626
3.732824
3.793893
3.748092
3.770992
3.816794
3.832061
3.793893
3.755725
3.809160
3.870229
3.839695
3.770992
3.687023
3.839695
3.824427
3.793893
3.816794
3.877863
3.755725
3.816794
3.839695
3.854962
3.816794
3.816794
3.862595
3.748092
3.793893
3.709924
3.740458
3.847328
3.824427
3.877863
3.755725
3.801527
3.786260
3.709924
3.755725
3.847328
3.832061
3.824427
3.717557
3.809160
3.816794
3.793893
3.770992
3.679389
3.763359
3.755725
3.809160
3.847328
3.832061
3.755725
3.801527
3.755725
3.793893
3.786260
3.816794
3.778626
3.770992
3.793893
3.748092
3.687023
3.786260
3.702290
3.702290
3.740458
3.732824
3.763359
3.839695
3.801527
3.885496
3.816794
3.832061
3.786260
3.870229
3.839695
3.694656
3.801527
3.900763
3.717557
3.725191
3.793893
3.969466
3.847328
3.717557
3.717557
3.763359
3.709924
3.717557
3.709924
3.793893
3.824427
3.702290
3.725191
3.801527
3.732824
3.832061
3.832061
3.763359
3.732824
3.816794
3.854962
3.847328
3.793893
3.839695
3.717557
3.679389
3.725191
3.770992
3.900763
3.809160
3.816794
3.824427
3.755725
3.770992
3.832061
3.923664
3.847328
3.732824
3.763359
3.839695
3.885496
3.755725
3.816794
3.786260
3.778626
3.694656
3.824427
3.839695
3.854962
3.900763
3.748092
3.763359
3.778626
3.839695
3.801527
3.717557
3.702290
3.717557
3.717557
3.679389
3.740458
3.786260
3.770992
3.854962
3.778626
3.709924
3.778626
3.717557
3.748092
3.763359
3.854962
3.725191
3.862595
3.770992
3.801527
3.885496
3.755725
3.748092
3.717557
3.778626
3.847328
3.870229
3.755725
3.832061
3.786260
3.839695
3.801527
3.740458
3.786260
3.847328
3.740458
3.786260
3.877863
3.732824
3.709924
3.778626
3.755725
3.740458
3.755725
3.832061
3.763359
3.740458
3.725191
3.755725
3.717557
3.702290
3.740458
3.748092
3.709924
3.709924
3.748092
3.832061
3.793893
3.824427
3.732824
3.664122
3.793893
3.816794
3.809160
3.801527
3.793893
3.748092
3.702290
3.816794
3.824427
3.717557
3.725191
3.679389
3.687023
3.801527
3.740458
3.809160
3.770992
3.778626
3.687023
3.740458
3.671756
3.740458
3.824427
3.732824
3.793893
3.748092
3.648855
3.824427
3.793893
3.770992
3.816794
3.809160
3.793893
3.702290
3.725191
3.786260
3.770992
3.786260
3.801527
3.900763
3.816794
3.748092
3.847328
3.824427
3.832061
3.725191
3.770992
3.793893
3.778626
3.801527
3.885496
3.839695
3.816794
3.748092
3.709924
3.801527
3.748092
3.786260
3.755725
3.885496
3.908397
3.740458
3.824427
3.732824
3.763359
3.801527
3.839695
3.816794
3.847328
3.778626
3.763359
3.778626
3.793893
3.732824
3.740458
3.702290
3.694656
3.755725
3.877863
3.778626
3.816794
3.870229
3.793893
3.732824
3.801527
3.748092
3.679389
3.854962
3.877863
3.923664
3.801527
3.793893
3.793893
3.786260
3.809160
3.725191
3.839695
3.740458
3.847328
3.801527
3.732824
3.725191
3.732824
3.832061
3.908397
3.809160
3.610687
3.770992
3.786260
3.755725
3.778626
3.854962
3.854962
3.870229
3.725191
3.763359
3.854962
3.839695
3.900763
3.847328
3.748092
3.656489
3.694656
3.824427
3.893130
3.770992
3.732824
3.809160
3.793893
3.732824
3.748092
3.854962
3.816794
3.832061
3.839695
3.793893
3.862595
3.786260
3.755725
3.770992
3.801527
3.793893
3.778626
3.778626
3.679389
3.740458
3.717557
3.801527
3.809160
3.832061
3.717557
3.786260
3.793893
3.786260
3.824427
3.801527
3.778626
3.664122
3.763359
3.770992
3.801527
3.755725
3.824427
3.770992
3.702290
3.824427
3.778626
3.717557
3.778626
3.824427
3.687023
3.671756
3.702290
3.763359
3.732824
3.793893
3.862595
3.809160
3.748092
3.717557
3.755725
3.755725
3.648855
3.725191
3.816794
3.824427
3.801527
3.717557
3.755725
3.778626
3.862595
3.885496
3.854962
3.755725
3.809160
3.893130
3.748092
3.870229
3.832061
3.832061
3.725191
3.755725
3.809160
3.740458
3.725191
3.709924
3.748092
3.694656
3.763359
3.709924
3.793893
3.862595
3.870229
3.740458
3.786260
3.793893
3.809160
3.778626
3.816794
3.801527
3.702290
3.763359
3.679389
3.763359
3.854962
3.755725
3.809160
3.786260
3.748092
3.679389
3.801527
3.839695
3.664122
3.778626
3.832061
3.870229
3.778626
3.793893
3.778626
3.709924
3.778626
3.870229
3.770992
3.839695
3.877863
3.832061
3.824427
3.801527
3.809160
3.770992
3.786260
3.786260
3.587786
3.778626
3.702290
3.717557
3.839695
3.786260
3.748092
3.793893
3.809160
3.725191
3.801527
3.755725
3.763359
3.801527
3.839695
3.801527
3.732824
3.770992
3.770992
3.732824
3.862595
3.763359
3.755725
3.709924
3.748092
3.778626
3.748092
3.725191
3.839695
3.793893
3.793893
3.709924
3.786260
3.770992
3.877863
3.786260
3.740458
3.755725
3.816794
3.900763
3.839695
3.839695
3.748092
3.725191
3.725191
3.763359
3.732824
3.786260
3.809160
3.740458
3.870229
3.740458
3.816794
3.877863
3.809160
3.809160
3.801527
3.854962
3.679389
3.763359
3.809160
3.755725
3.763359
3.763359
3.763359
3.717557
3.832061
3.870229
3.816794
3.809160
3.946565
3.839695
3.778626
3.809160
3.801527
3.854962
3.748092
3.816794
3.740458
3.809160
3.870229
3.839695
3.946565
3.893130
3.801527
3.725191
3.801527
3.809160
3.755725
3.778626
3.801527
3.862595
3.793893
3.847328
3.824427
3.755725
3.748092
3.725191
3.801527
3.763359
3.748092
3.786260
3.755725
3.725191
3.801527
3.908397
3.763359
3.809160
3.809160
3.725191
3.854962
3.763359
3.770992
3.755725
3.839695
3.854962
3.740458
3.809160
3.847328
3.748092
3.786260
3.900763
3.885496
3.893130
3.740458
3.786260
3.786260
3.786260
3.809160
3.755725
3.900763
3.870229
3.763359
3.786260
3.900763
3.816794
3.801527
3.877863
3.725191
3.755725
3.786260
3.877863
3.786260
3.816794
3.870229
3.816794
3.877863
3.877863
3.793893
3.717557
3.885496
3.908397
3.809160
3.732824
3.748092
3.809160
3.778626
3.839695
3.801527
3.732824
3.839695
3.740458
3.793893
3.847328
3.793893
3.786260
3.809160
3.870229
3.824427
3.854962
3.793893
3.824427
3.816794
3.786260
3.923664
3.778626
3.824427
3.740458
3.748092
3.824427
3.793893
3.740458
3.778626
3.725191
3.847328
3.763359
3.755725
3.908397
3.770992
3.809160
3.786260
3.748092
3.740458
3.748092
3.732824
3.809160
3.755725
3.824427
3.770992
3.725191
3.763359
3.832061
3.809160
3.748092
3.786260
3.824427
3.832061
3.801527
3.664122
3.732824
3.786260
3.763359
3.740458
3.793893
3.748092
3.717557
3.732824
3.709924
3.770992
3.763359
3.809160
3.702290
3.793893
3.816794
3.763359
3.725191
3.832061
3.786260
3.786260
3.786260
3.832061
3.801527
3.824427
3.832061
3.809160
3.824427
3.885496
3.839695
3.816794
3.854962
3.816794
3.786260
3.725191
3.763359
3.755725
3.801527
3.847328
3.778626
3.679389
3.862595
3.816794
3.748092
3.870229
3.725191
3.755725
3.740458
3.816794
3.717557
3.770992
3.732824
3.725191
3.679389
3.793893
3.778626
3.755725
3.709924
3.854962
3.847328
3.641221
3.778626
3.763359
3.793893
3.832061
3.725191
3.877863
3.793893
3.847328
3.763359
3.793893
3.839695
3.755725
3.770992
3.709924
3.702290
3.725191
3.763359
3.885496
3.893130
3.755725
3.717557
3.809160
3.908397
3.832061
3.717557
3.854962
3.862595
3.740458
3.694656
3.885496
3.832061
3.679389
3.862595
3.923664
3.717557
3.625954
3.946565
3.893130
3.732824
3.694656
3.809160
3.770992
3.793893
3.916031
3.900763
3.763359
3.816794
3.885496
3.816794
3.801527
3.946565
4.000000
3.893130
3.893130
3.908397
3.801527
3.786260
3.809160
3.755725
3.740458
3.702290
3.641221
3.618321
3.572519
3.549618
3.564885
3.526718
3.580153
3.557252
3.480916
3.503817
3.557252
3.603053
3.503817
3.595420
3.732824
3.564885
3.687023
3.641221
3.671756


/*------- Y -------*/

-0.885498
-0.793884
-0.847321
-0.946564
-0.877869
-0.809174
-0.893127
-0.877869
-0.809174
-0.893127
-0.832062
-0.770996
-0.877869
-0.847321
-0.824432
-0.870239
-0.816803
-1.000000
-0.854950
-0.832062
-0.732819
-0.832062
-0.862610
-0.908386
-0.885498
-0.778625
-0.908386
-0.809174
-0.755737
-0.770996
-0.801514
-0.946564
-0.862610
-0.793884
-0.900757
-0.778625
-0.832062
-0.770996
-0.847321
-0.870239
-0.839691
-0.839691
-0.809174
-0.832062
-0.770996
-0.801514
-0.870239
-0.908386
-0.801514
-0.778625
-0.740448
-0.847321
-0.801514
-0.809174
-0.839691
-0.740448
-0.862610
-0.938934
-0.854950
-0.847321
-0.877869
-0.908386
-0.916016
-0.748077
-0.801514
-0.748077
-0.770996
-0.763367
-0.778625
-0.801514
-0.893127
-0.702301
-0.763367
-0.862610
-0.893127
-0.786255
-0.793884
-0.862610
-0.801514
-0.839691
-0.824432
-0.847321
-0.877869
-0.877869
-0.824432
-0.770996
-0.870239
-0.832062
-0.854950
-0.854950
-0.717560
-0.832062
-0.854950
-0.778625
-0.862610
-0.854950
-0.946564
-0.870239
-0.908386
-0.847321
-0.809174
-0.824432
-0.893127
-0.847321
-0.839691
-0.862610
-0.977112
-0.946564
-0.824432
-0.763367
-0.839691
-0.839691
-0.687012
-0.969452
-0.824432
-0.778625
-0.916016
-0.893127
-0.824432
-0.816803
-0.770996
-0.793884
-0.748077
-0.870239
-0.763367
-0.832062
-0.877869
-0.740448
-0.877869
-0.832062
-0.816803
-0.793884
-0.908386
-0.916016
-0.862610
-0.923676
-0.916016
-0.801514
-0.847321
-0.740448
-0.748077
-0.900757
-0.854950
-0.824432
-0.885498
-0.854950
-0.900757
-0.839691
-0.870239
-0.763367
-0.847321
-0.870239
-0.809174
-0.809174
-0.900757
-0.877869
-0.732819
-0.778625
-0.839691
-0.885498
-0.877869
-0.740448
-0.847321
-0.877869
-0.748077
-0.618317
-0.847321
-0.740448
-0.763367
-0.832062
-0.839691
-0.900757
-0.740448
-0.854950
-0.816803
-0.832062
-0.916016
-0.832062
-0.778625
-0.801514
-0.786255
-0.717560
-0.786255
-0.893127
-0.870239
-0.809174
-0.755737
-0.923676
-0.809174
-0.885498
-0.770996
-0.755737
-0.709930
-0.824432
-0.877869
-0.877869
-0.877869
-0.832062
-0.778625
-0.763367
-0.770996
-0.786255
-0.938934
-0.832062
-0.702301
-0.816803
-0.847321
-0.870239
-0.778625
-0.885498
-0.793884
-0.809174
-0.755737
-0.801514
-0.954193
-0.809174
-0.763367
-0.763367
-0.870239
-0.717560
-0.809174
-0.877869
-0.916016
-0.862610
-0.946564
-0.885498
-0.870239
-0.763367
-0.854950
-0.923676
-0.893127
-0.778625
-0.893127
-0.770996
-0.832062
-0.824432
-0.839691
-0.885498
-0.847321
-0.908386
-0.809174
-0.748077
-0.816803
-0.862610
-0.931305
-0.847321
-0.793884
-0.885498
-0.847321
-0.854950
-0.770996
-0.725189
-0.755737
-0.778625
-0.816803
-0.885498
-0.954193
-0.732819
-0.755737
-0.809174
-0.755737
-0.793884
-0.809174
-0.954193
-0.954193
-0.854950
-0.870239
-0.824432
-0.725189
-0.709930
-0.839691
-0.709930
-0.847321
-0.740448
-0.839691
-0.862610
-0.885498
-0.900757
-0.778625
-0.877869
-0.862610
-0.885498
-0.801514
-0.877869
-0.694672
-0.824432
-0.679382
-0.824432
-0.931305
-0.885498
-0.938934
-0.824432
-0.709930
-0.832062
-0.786255
-0.923676
-0.816803
-0.732819
-0.847321
-0.847321
-0.839691
-0.801514
-0.748077
-0.801514
-0.740448
-0.847321
-0.839691
-0.893127
-0.885498
-0.793884
-0.793884
-0.893127
-0.801514
-0.809174
-0.809174
-0.809174
-0.854950
-0.770996
-0.740448
-0.801514
-0.839691
-0.847321
-0.908386
-0.740448
-0.862610
-0.755737
-0.793884
-0.847321
-0.816803
-0.954193
-0.877869
-0.755737
-0.923676
-0.847321
-0.824432
-0.923676
-0.961823
-0.885498
-0.816803
-0.862610
-0.870239
-0.854950
-0.824432
-0.793884
-0.870239
-0.816803
-0.763367
-0.763367
-0.832062
-0.847321
-0.946564
-0.748077
-0.870239
-0.824432
-0.786255
-0.862610
-0.893127
-0.839691
-0.832062
-0.816803
-0.839691
-0.770996
-0.748077
-0.862610
-0.908386
-0.877869
-0.862610
-0.832062
-0.885498
-0.824432
-0.717560
-0.793884
-0.778625
-0.854950
-0.839691
-0.816803
-0.778625
-0.885498
-0.977112
-0.862610
-0.847321
-0.854950
-0.916016
-0.938934
-0.885498
-0.816803
-0.839691
-0.900757
-0.893127
-0.847321
-0.748077
-0.870239
-0.809174
-0.938934
-0.885498
-0.824432
-0.816803
-0.854950
-0.900757
-0.854950
-0.877869
-0.832062
-0.900757
-0.816803
-0.908386
-0.847321
-0.801514
-0.732819
-0.824432
-0.832062
-0.900757
-0.755737
-0.763367
-0.816803
-0.801514
-0.870239
-0.854950
-0.908386
-0.816803
-0.862610
-0.893127
-0.885498
-0.770996
-0.931305
-0.740448
-0.900757
-0.839691
-0.847321
-0.893127
-0.839691
-0.778625
-0.801514
-0.786255
-0.847321
-0.687012
-0.870239
-0.740448
-0.832062
-0.832062
-0.809174
-0.824432
-0.854950
-0.778625
-0.908386
-0.984741
-0.984741
-0.916016
-0.885498
-0.786255
-0.664124
-0.839691
-0.816803
-0.816803
-0.870239
-0.908386
-0.908386
-0.854950
-0.778625
-0.770996
-0.824432
-0.832062
-0.847321
-0.763367
-0.832062
-0.641235
-0.809174
-0.847321
-0.809174
-0.847321
-0.870239
-0.809174
-0.793884
-0.862610
-0.893127
-0.809174
-0.809174
-0.847321
-0.839691
-0.694672
-0.801514
-0.954193
-0.954193
-0.916016
-0.908386
-0.877869
-0.778625
-0.908386
-0.717560
-0.809174
-0.816803
-0.816803
-0.893127
-0.839691
-0.816803
-0.877869
-0.885498
-0.854950
-0.877869
-0.877869
-0.801514
-0.824432
-0.679382
-0.847321
-0.778625
-0.778625
-0.740448
-0.740448
-0.931305
-0.877869
-0.900757
-0.786255
-0.793884
-0.816803
-0.732819
-0.793884
-0.900757
-0.793884
-0.816803
-0.778625
-0.824432
-0.854950
-0.824432
-0.862610
-0.938934
-0.709930
-0.832062
-0.862610
-0.793884
-0.862610
-0.847321
-0.961823
-0.961823
-0.916016
-0.908386
-0.862610
-0.809174
-0.648865
-0.832062
-0.862610
-0.923676
-0.809174
-0.770996
-0.877869
-0.824432
-0.832062
-0.770996
-0.801514
-0.946564
-0.839691
-0.969452
-0.816803
-0.839691
-0.778625
-0.725189
-0.809174
-0.870239
-0.725189
-0.725189
-0.916016
-0.946564
-0.900757
-0.610687
-0.786255
-0.725189
-0.740448
-0.793884
-0.725189
-0.709930
-0.770996
-0.748077
-0.725189
-0.839691
-0.923676
-0.969452
-0.862610
-0.809174
-0.816803
-0.854950
-0.916016
-0.801514
-0.839691
-0.885498
-0.801514
-0.854950
-0.977112
-0.946564
-0.770996
-0.847321
-0.816803
-0.664124
-0.702301
-0.740448
-0.916016
-0.969452
-0.809174
-0.847321
-0.885498
-0.786255
-0.908386
-0.870239
-0.854950
-0.954193
-0.893127
-0.885498
-0.717560
-0.854950
-0.938934
-0.900757
-0.748077
-0.832062
-0.854950
-0.900757
-0.908386
-0.732819
-0.900757
-0.854950
-0.793884
-0.763367
-0.748077
-0.694672
-0.900757
-0.885498
-0.854950
-0.847321
-0.854950
-0.885498
-0.709930
-0.885498
-0.908386
-0.809174
-0.885498
-0.908386
-0.763367
-0.816803
-0.862610
-0.801514
-0.770996
-0.816803
-0.809174
-0.862610
-0.786255
-0.946564
-0.748077
-0.839691
-0.877869
-0.847321
-0.839691
-0.717560
-0.725189
-0.809174
-0.786255
-0.839691
-0.793884
-0.748077
-0.748077
-0.862610
-0.709930
-0.763367
-0.778625
-0.816803
-0.862610
-0.770996
-0.916016
-0.755737
-0.793884
-0.877869
-0.885498
-0.770996
-0.839691
-0.748077
-0.793884
-0.801514
-0.824432
-0.763367
-0.793884
-0.870239
-0.809174
-0.801514
-0.877869
-0.870239
-0.969452
-0.679382
-0.709930
-0.770996
-0.709930
-0.832062
-0.786255
-0.748077
-0.778625
-0.854950
-0.854950
-0.847321
-0.885498
-0.816803
-0.755737
-0.778625
-0.732819
-0.801514
-0.793884
-0.793884
-0.763367
-0.725189
-0.839691
-0.877869
-0.862610
-0.816803
-0.839691
-0.870239
-0.732819
-0.786255
-0.847321
-0.770996
-0.862610
-0.755737
-0.938934
-0.786255
-0.862610
-0.755737
-0.809174
-0.877869
-0.824432
-0.877869
-0.954193
-0.839691
-0.908386
-0.969452
-0.847321
-0.702301
-0.977112
-0.923676
-0.847321
-0.893127
-0.832062
-0.854950
-0.832062
-0.946564
-0.870239
-0.832062
-0.885498
-0.870239
-0.732819
-0.709930
-0.877869
-0.870239
-0.854950
-0.847321
-0.854950
-0.908386
-0.755737
-0.847321
-0.786255
-0.748077
-0.832062
-0.824432
-0.770996
-0.763367
-0.893127
-0.893127
-0.801514
-0.664124
-0.847321
-0.908386
-0.885498
-0.893127
-0.801514
-0.900757
-0.870239
-0.916016
-0.755737
-0.732819
-0.832062
-0.916016
-0.862610
-0.885498
-0.900757
-0.847321
-0.961823
-0.900757
-0.748077
-0.847321
-0.793884
-0.755737
-0.770996
-0.824432
-0.923676
-0.832062
-0.801514
-0.969452
-0.832062
-0.816803
-0.755737
-0.770996
-0.748077
-0.679382
-0.755737
-0.824432
-0.938934
-0.793884
-0.877869
-0.816803
-0.854950
-0.717560
-0.740448
-0.854950
-0.801514
-0.893127
-0.847321
-0.908386
-0.770996
-0.839691
-1.045807
-0.900757
-0.839691
-0.770996
-0.778625
-0.824432
-0.748077
-0.893127
-0.801514
-0.801514
-0.854950
-0.778625
-0.893127
-0.847321
-0.809174
-0.893127
-0.847321
-0.862610
-0.877869
-0.793884
-0.793884
-0.877869
-0.854950
-0.862610
-0.908386
-0.793884
-0.832062
-0.862610
-0.816803
-0.801514
-0.801514
-0.900757
-0.877869
-0.969452
-0.847321
-0.748077
-0.786255
-0.832062
-0.877869
-0.938934
-0.847321
-0.854950
-0.740448
-0.854950
-0.801514
-0.916016
-0.885498
-0.885498
-0.877869
-0.916016
-0.801514
-0.786255
-0.885498
-0.801514
-0.832062
-0.801514
-0.847321
-0.916016
-0.839691
-0.755737
-0.832062
-0.854950
-0.725189
-0.885498
-0.732819
-0.908386
-0.900757
-0.786255
-0.824432
-0.893127
-0.824432
-0.854950
-0.778625
-0.809174
-0.992371
-0.847321
-0.900757
-0.847321
-0.786255
-0.786255
-0.778625
-0.832062
-0.862610
-0.816803
-0.839691
-0.847321
-0.809174
-0.946564
-0.847321
-0.862610
-0.839691
-0.809174
-0.870239
-0.755737
-0.763367
-0.908386
-0.839691
-0.824432
-0.931305
-0.755737
-0.770996
-0.801514
-0.931305
-0.778625
-0.916016
-0.725189
-0.877869
-0.770996
-0.824432
-0.732819
-0.732819
-0.893127
-0.816803
-0.793884
-0.885498
-0.900757
-0.740448
-0.793884
-0.900757
-0.916016
-0.931305
-0.755737
-0.900757
-0.679382
-0.801514
-0.870239
-0.862610
-0.786255
-0.862610
-0.900757
-0.740448
-0.885498
-0.778625
-0.839691
-0.862610
-0.809174
-0.862610
-0.862610
-0.793884
-0.862610
-0.862610
-0.809174
-0.839691
-0.854950
-0.801514
-0.854950
-0.839691
-0.854950
-0.862610
-0.748077
-0.725189
-0.755737
-0.839691
-0.694672
-0.770996
-0.893127
-0.748077
-0.709930
-0.816803
-0.862610
-0.832062
-0.877869
-0.809174
-0.854950
-0.961823
-0.870239
-0.770996
-0.770996
-0.847321
-0.961823
-0.954193
-0.870239
-0.862610
-0.732819
-0.870239
-0.877869
-0.778625
-0.923676
-0.954193
-0.801514
-0.725189
-0.824432
-0.862610
-0.793884
-0.801514
-0.900757
-0.832062
-0.946564
-0.916016
-0.908386
-0.763367
-0.763367
-0.839691
-0.740448
-0.931305
-0.862610
-0.816803
-0.854950
-0.870239
-0.839691
-0.916016
-0.870239
-0.938934
-0.908386
-0.824432
-0.877869
-0.801514
-0.763367
-0.839691
-0.984741
-0.893127
-0.900757
-0.954193
-0.839691
-0.908386
-0.839691
-0.816803
-0.893127
-0.847321
-0.862610
-0.847321
-0.725189
-0.816803
-0.763367
-0.786255
-0.931305
-0.816803
-0.786255
-0.809174
-0.908386
-0.877869
-0.870239
-0.961823
-0.778625
-0.770996
-0.839691
-0.786255
-0.946564
-0.793884
-0.755737
-0.847321
-0.786255
-0.832062
-0.839691
-0.839691
-1.038177
-0.870239
-0.862610
-0.870239
-0.816803
-0.931305
-0.839691
-0.870239
-0.893127
-0.786255
-0.816803
-0.717560
-0.877869
-0.870239
-0.908386
-0.908386
-0.732819
-0.732819
-0.854950
-0.786255
-0.687012
-0.763367
-0.824432
-0.862610
-0.755737
-0.870239
-0.778625
-0.755737
-0.801514
-0.900757
-0.885498
-0.801514
-0.786255
-0.702301
-0.717560
-0.732819
-0.870239
-0.854950
-0.763367
-0.778625
-0.786255
-0.763367
-0.809174
-0.877869
-0.709930
-0.778625
-0.870239
-0.862610
-0.862610
-0.885498
-0.656494
-0.931305
-0.809174
-0.786255
-0.885498
-0.786255
-0.725189
-0.801514
-0.793884
-0.732819
-0.931305
-0.832062
-0.679382
-0.854950
-0.816803
-0.816803
-0.900757
-0.709930
-0.770996
-0.900757
-0.824432
-0.816803
-0.969452
-0.870239
-0.755737
-0.809174
-0.839691
-0.801514
-0.748077
-0.763367
-0.923676
-0.862610
-0.755737
-0.763367
-0.954193
-0.832062
-0.809174
-0.809174
-0.946564
-0.931305
-0.801514
-0.862610
-0.801514
-0.900757
-0.946564
-0.816803
-0.839691
-0.862610
-0.847321
-0.832062
-0.801514
-0.755737
-0.763367
-0.832062
-0.862610
-0.854950
-0.832062
-0.916016
-0.862610
-0.900757
-0.885498
-0.854950
-0.900757
-0.900757
-0.893127
-0.816803
-0.801514
-0.992371
-0.824432
-0.793884
-0.832062
-0.748077
-0.824432
-0.885498
-0.900757
-0.809174
-0.801514
-0.816803
-0.748077
-0.816803
-0.725189
-0.923676
-0.847321
-0.740448
-0.839691
-0.755737
-0.824432
-0.870239
-0.900757
-0.755737
-0.778625
-0.862610
-0.801514
-0.870239
-0.931305
-0.816803
-0.709930
-0.854950
-0.793884
-0.801514
-0.908386
-0.877869
-0.916016
-0.862610
-0.854950
-0.908386
-0.916016
-0.893127
-0.793884
-0.877869
-0.793884
-0.763367
-0.824432
-0.893127
-0.893127
-0.732819
-0.992371
-0.824432
-0.809174
-0.862610
-0.870239
-0.969452
-0.870239
-0.900757
-0.923676
-0.870239
-0.770996
-0.870239
-0.938934
-0.854950
-0.839691
-0.824432
-0.931305
-0.946564
-0.809174
-0.801514
-0.900757
-0.854950
-0.816803
-0.793884
-0.885498
-0.832062
-0.778625
-0.801514
-0.786255
-0.778625
-0.702301
-0.763367
-0.801514
-0.854950
-0.778625
-0.832062
-0.847321
-0.870239
-0.786255
-0.824432
-0.770996
-0.748077
-0.885498
-0.847321
-0.847321
-0.809174
-0.824432
-0.885498
-0.824432
-0.786255
-0.839691
-0.755737
-0.824432
-0.900757
-0.839691
-0.832062
-0.801514
-0.839691
-0.816803
-0.916016
-0.732819
-0.725189
-0.824432
-0.793884
-0.847321
-0.801514
-0.824432
-0.793884
-0.809174
-0.748077
-0.946564
-0.877869
-0.770996
-0.824432
-0.694672
-0.870239
-0.816803
-0.877869
-0.916016
-0.770996
-0.809174
-0.824432
-0.732819
-0.740448
-0.816803
-0.931305
-0.854950
-0.816803
-0.854950
-0.839691
-0.969452
-0.832062
-0.847321
-0.885498
-0.801514
-0.725189
-0.832062
-0.824432
-0.824432
-0.824432
-0.816803
-0.877869
-0.885498
-0.854950
-1.015259
-0.832062
-0.877869
-0.801514
-0.786255
-0.870239
-0.923676
-0.923676
-0.778625
-0.801514
-0.839691
-0.770996
-0.992371
-0.900757
-0.908386
-0.778625
-0.778625
-0.946564
-0.793884
-0.786255
-0.931305
-1.000000
-0.770996
-0.900757
-0.877869
-0.893127
-0.824432
-0.839691
-0.946564
-0.763367
-0.717560
-0.854950
-0.870239
-0.862610
-0.839691
-0.778625
-0.801514
-1.000000
-0.923676
-0.755737
-0.801514
-0.847321
-0.755737
-0.870239
-0.900757
-0.801514
-0.801514
-0.809174
-0.801514
-0.923676
-0.832062
-0.931305
-0.793884
-0.793884
-0.916016
-0.801514
-0.847321
-0.809174
-0.824432
-0.946564
-0.770996
-0.717560
-0.763367
-0.923676
-0.870239
-0.839691
-0.786255
-0.816803
-0.923676
-0.824432
-0.793884
-0.778625
-0.893127
-0.870239
-0.885498
-1.000000
-0.900757
-0.824432
-0.816803
-0.793884
-0.854950
-0.832062
-0.755737
-0.763367
-0.893127
-0.854950
-0.839691
-0.786255
-0.832062
-0.793884
-0.702301
-0.770996
-0.870239
-0.870239
-0.862610
-0.862610
-0.961823
-0.786255
-0.786255
-0.778625
-0.893127
-1.000000
-0.786255
-0.908386
-0.832062
-0.778625
-0.755737
-0.870239
-0.870239
-0.923676
-0.816803
-0.809174
-0.793884
-0.847321
-0.931305
-0.923676
-0.770996
-0.770996
-0.931305
-0.877869
-0.732819
-0.748077
-0.847321
-0.870239
-0.900757
-0.885498
-0.923676
-0.809174
-0.793884
-0.870239
-0.900757
-0.885498
-0.755737
-0.923676
-0.832062
-0.954193
-0.732819
-0.778625
-0.786255
-0.755737
-0.885498
-0.916016
-0.847321
-0.770996
-0.709930
-0.824432
-0.854950
-0.748077
-0.847321
-0.862610
-0.862610
-0.786255
-0.839691
-0.862610
-0.809174
-0.938934
-0.809174
-0.816803
-0.824432
-0.755737
-0.870239
-0.801514
-0.900757
-0.885498
-0.740448
-0.832062
-0.870239
-0.809174
-0.900757
-0.832062
-0.809174
-0.893127
-0.839691
-0.946564
-0.770996
-0.740448
-0.908386
-0.885498
-1.000000
-0.801514
-0.816803
-0.740448
-0.824432
-0.801514
-0.862610
-0.748077
-0.862610
-0.885498
-0.816803
-0.916016
-0.885498
-0.916016
-0.923676
-0.832062
-0.832062
-0.893127
-0.893127
-0.923676
-0.770996
-0.801514
-0.748077
-0.793884
-0.824432
-0.862610
-0.793884
-0.877869
-0.854950
-0.671753
-0.809174
-0.801514
-0.908386
-0.702301
-0.832062
-0.824432
-0.786255
-0.755737
-0.908386
-0.801514
-0.786255
-0.885498
-0.770996
-0.786255
-0.740448
-0.847321
-0.778625
-0.778625
-0.877869
-0.877869
-0.862610
-0.870239
-0.809174
-0.870239
-0.923676
-0.893127
-0.839691
-0.824432
-0.908386
-0.885498
-0.839691
-0.717560
-0.793884
-0.770996
-0.946564
-0.748077
-0.832062
-0.816803
-0.786255
-0.801514
-0.778625
-0.923676
-0.809174
-0.877869
-0.809174
-0.770996
-0.786255
-0.770996
-0.755737
-0.816803
-0.793884
-0.854950
-0.893127
-0.839691
-0.809174
-0.832062
-0.885498
-0.809174
-0.732819
-0.717560
-0.946564
-0.854950
-0.816803
-0.908386
-0.809174
-0.862610
-0.854950
-0.816803
-0.801514
-0.847321
-0.786255
-0.839691
-0.862610
-0.847321
-0.862610
-0.832062
-0.725189
-0.847321
-0.923676
-0.763367
-0.854950
-0.725189
-0.732819
-0.755737
-0.809174
-0.885498
-0.786255
-0.839691
-0.862610
-0.862610
-0.847321
-0.900757
-0.725189
-0.786255
-0.854950
-0.916016
-0.816803
-0.793884
-0.938934
-0.786255
-0.809174
-0.717560
-0.931305
-0.778625
-0.824432
-0.854950
-0.763367
-0.832062
-0.885498
-0.786255
-0.816803
-0.778625
-0.816803
-0.839691
-0.870239
-0.793884
-0.786255
-0.809174
-0.877869
-0.954193
-0.931305
-0.893127
-0.877869
-0.832062
-0.809174
-0.717560
-0.778625
-0.862610
-0.801514
-0.824432
-0.793884
-0.809174
-0.702301
-0.870239
-0.786255
-0.832062
-0.740448
-0.832062
-0.832062
-0.801514
-0.770996
-0.824432
-0.816803
-0.923676
-0.854950
-0.717560
-0.801514
-0.832062
-0.809174
-0.816803
-0.793884
-0.923676
-0.984741
-0.816803
-0.862610
-0.847321
-0.885498
-0.763367
-0.748077
-0.862610
-0.809174
-0.770996
-0.778625
-0.801514
-0.725189
-0.946564
-0.885498
-0.824432
-0.824432
-0.725189
-0.755737
-0.839691
-0.748077
-0.702301
-0.877869
-0.908386
-0.862610
-0.793884
-0.839691
-0.931305
-0.870239
-0.816803
-0.824432
-0.893127
-0.839691
-0.816803
-0.847321
-0.763367
-0.709930
-0.885498
-0.900757
-0.847321
-0.885498
-0.946564
-0.877869
-0.870239
-0.809174
-0.877869
-0.816803
-0.877869
-0.877869
-0.801514
-0.786255
-0.847321
-0.763367
-0.832062
-0.839691
-0.885498
-0.809174
-0.870239
-0.854950
-0.961823
-0.854950
-0.839691
-0.763367
-0.862610
-0.900757
-0.824432
-0.740448
-0.801514
-0.877869
-0.900757
-0.816803
-0.786255
-0.839691
-0.862610
-0.900757
-0.893127
-0.893127
-0.847321
-0.900757
-0.839691
-0.824432
-0.923676
-0.832062
-0.900757
-0.793884
-0.801514
-0.893127
-0.847321
-0.748077
-0.885498
-0.961823
-0.732819
-0.740448
-0.786255
-0.809174
-0.900757
-1.015259
-0.908386
-0.801514
-0.854950
-0.801514
-0.809174
-0.748077
-0.832062
-0.809174
-0.816803
-0.824432
-0.801514
-0.908386
-0.961823
-0.885498
-0.847321
-0.847321
-1.030548
-0.893127
-0.709930
-0.809174
-0.862610
-0.809174
-0.740448
-0.824432
-0.839691
-0.809174
-0.809174
-0.839691
-0.893127
-0.885498
-0.862610
-0.717560
-0.801514
-0.877869
-0.809174
-0.870239
-0.770996
-0.793884
-0.984741
-0.885498
-0.847321
-0.763367
-0.885498
-0.816803
-0.854950
-0.755737
-0.778625
-0.969452
-0.801514
-0.908386
-0.839691
-0.839691
-0.778625
-0.755737
-0.709930
-0.900757
-0.862610
-0.832062
-0.877869
-0.877869
-0.786255
-0.778625
-0.862610
-0.824432
-0.854950
-0.748077
-0.755737
-0.763367
-0.824432
-0.832062
-0.809174
-0.923676
-0.885498
-0.847321
-0.977112
-0.839691
-0.824432
-0.694672
-0.992371
-0.969452
-0.916016
-0.908386
-0.923676
-0.877869
-0.877869
-0.916016
-0.900757
-0.900757
-0.900757
-0.832062
-0.931305
-0.854950
-0.893127
-0.839691
-0.847321
-0.748077
-0.931305
-0.755737
-0.793884
-0.893127
-0.786255
-0.786255
-0.893127
-0.877869
-0.824432
-0.763367
-0.916016
-0.969452
-0.977112
-0.893127
-0.770996
-0.801514
-0.839691
-0.877869
-0.832062
-0.793884
-1.038177
-0.877869
-0.824432
-0.839691
-0.832062
-0.786255
-0.748077
-0.885498
-0.862610
-0.687012
-0.793884
-0.824432
-0.832062
-0.923676
-0.793884
-0.931305
-0.862610
-0.862610
-0.824432
-0.877869
-0.870239
-0.854950
-0.847321
-0.839691
-0.877869
-0.916016
-0.786255
-0.809174
-0.832062
-0.870239
-0.885498
-0.801514
-0.854950
-0.832062
-0.824432
-0.717560
-1.007629
-1.015259
-0.893127
-0.870239
-0.824432
-0.908386
-0.824432
-0.908386
-0.847321
-0.969452
-0.839691
-0.900757
-0.770996
-0.816803
-0.755737
-0.893127
-0.801514
-0.801514
-0.854950
-0.809174
-0.824432
-0.893127
-0.908386
-0.854950
-0.893127
-0.893127
-0.961823
-0.847321
-0.931305
-0.984741
-0.877869
-0.900757
-0.778625
-0.847321
-0.824432
-0.770996
-0.816803
-0.687012
-0.877869
-0.778625
-0.877869
-0.702301
-0.931305
-0.763367
-0.870239
-0.885498
-0.893127
-0.786255
-0.763367
-0.839691
-0.854950
-0.709930
-0.885498
-0.877869
-0.954193
-0.908386
-0.748077
-0.839691
-0.908386
-0.854950
-0.809174
-0.885498
-0.900757
-0.786255
-0.786255
-0.778625
-0.786255
-0.816803
-0.885498
-0.801514
-0.824432
-0.908386
-0.847321
-0.961823
-0.755737
-0.908386
-0.854950
-0.809174
-0.916016
-0.847321
-0.770996
-0.908386
-0.931305
-0.839691
-0.893127
-1.015259
-0.847321
-0.847321
-0.793884


/*------- Z -------*/

1.694656
1.732824
1.656489
1.648855
1.694656
1.709924
1.702290
1.618321
1.572519
1.603053
1.633588
1.633588
1.633588
1.610687
1.702290
1.603053
1.648855
1.610687
1.648855
1.603053
1.656489
1.725191
1.648855
1.610687
1.610687
1.625954
1.564885
1.694656
1.641221
1.618321
1.740458
1.778626
1.564885
1.587786
1.641221
1.580153
1.656489
1.603053
1.648855
1.671756
1.587786
1.648855
1.656489
1.671756
1.610687
1.641221
1.694656
1.740458
1.595420
1.687023
1.679389
1.641221
1.633588
1.671756
1.702290
1.603053
1.625954
1.633588
1.633588
1.641221
1.717557
1.656489
1.564885
1.641221
1.564885
1.648855
1.648855
1.664122
1.664122
1.770992
1.610687
1.618321
1.595420
1.641221
1.656489
1.633588
1.572519
1.580153
1.557252
1.717557
1.656489
1.603053
1.572519
1.595420
1.748092
1.641221
1.603053
1.664122
1.587786
1.679389
1.595420
1.648855
1.580153
1.671756
1.679389
1.709924
1.671756
1.587786
1.641221
1.633588
1.641221
1.725191
1.587786
1.641221
1.648855
1.580153
1.618321
1.664122
1.656489
1.732824
1.679389
1.748092
1.648855
1.648855
1.526718
1.641221
1.595420
1.656489
1.618321
1.694656
1.603053
1.641221
1.664122
1.641221
1.572519
1.580153
1.687023
1.625954
1.625954
1.618321
1.641221
1.610687
1.671756
1.625954
1.648855
1.587786
1.717557
1.694656
1.648855
1.664122
1.725191
1.671756
1.648855
1.679389
1.679389
1.633588
1.625954
1.732824
1.648855
1.641221
1.557252
1.679389
1.664122
1.748092
1.625954
1.618321
1.625954
1.664122
1.687023
1.603053
1.610687
1.687023
1.603053
1.526718
1.610687
1.709924
1.694656
1.648855
1.610687
1.671756
1.541985
1.656489
1.664122
1.618321
1.572519
1.664122
1.595420
1.671756
1.679389
1.572519
1.656489
1.709924
1.664122
1.702290
1.549618
1.641221
1.587786
1.633588
1.687023
1.625954
1.603053
1.633588
1.687023
1.587786
1.687023
1.709924
1.641221
1.679389
1.625954
1.656489
1.633588
1.648855
1.687023
1.694656
1.648855
1.648855
1.687023
1.641221
1.595420
1.694656
1.625954
1.671756
1.633588
1.641221
1.664122
1.641221
1.687023
1.641221
1.656489
1.618321
1.641221
1.656489
1.610687
1.694656
1.702290
1.633588
1.549618
1.610687
1.679389
1.610687
1.656489
1.610687
1.580153
1.656489
1.694656
1.725191
1.625954
1.702290
1.694656
1.717557
1.641221
1.770992
1.633588
1.641221
1.709924
1.648855
1.656489
1.625954
1.625954
1.587786
1.610687
1.648855
1.610687
1.633588
1.679389
1.717557
1.671756
1.694656
1.694656
1.679389
1.564885
1.717557
1.656489
1.687023
1.702290
1.610687
1.725191
1.641221
1.656489
1.664122
1.633588
1.664122
1.610687
1.625954
1.702290
1.610687
1.671756
1.725191
1.610687
1.618321
1.534351
1.633588
1.641221
1.595420
1.580153
1.679389
1.732824
1.709924
1.618321
1.580153
1.656489
1.679389
1.587786
1.534351
1.610687
1.702290
1.732824
1.694656
1.595420
1.549618
1.633588
1.648855
1.633588
1.664122
1.671756
1.625954
1.618321
1.618321
1.656489
1.648855
1.671756
1.740458
1.717557
1.679389
1.732824
1.709924
1.671756
1.603053
1.648855
1.625954
1.664122
1.610687
1.679389
1.595420
1.580153
1.656489
1.595420
1.671756
1.664122
1.687023
1.618321
1.572519
1.587786
1.679389
1.709924
1.656489
1.801527
1.603053
1.679389
1.709924
1.687023
1.687023
1.656489
1.641221
1.595420
1.564885
1.625954
1.740458
1.664122
1.618321
1.549618
1.572519
1.694656
1.694656
1.618321
1.610687
1.595420
1.580153
1.656489
1.648855
1.572519
1.625954
1.587786
1.595420
1.633588
1.786260
1.671756
1.786260
1.694656
1.564885
1.618321
1.664122
1.625954
1.725191
1.633588
1.618321
1.656489
1.633588
1.656489
1.549618
1.656489
1.641221
1.595420
1.572519
1.755725
1.625954
1.648855
1.595420
1.633588
1.694656
1.694656
1.595420
1.618321
1.587786
1.664122
1.648855
1.755725
1.656489
1.702290
1.687023
1.641221
1.641221
1.572519
1.656489
1.664122
1.709924
1.694656
1.687023
1.580153
1.648855
1.687023
1.656489
1.633588
1.557252
1.641221
1.648855
1.717557
1.664122
1.625954
1.648855
1.641221
1.625954
1.725191
1.664122
1.656489
1.603053
1.664122
1.648855
1.610687
1.625954
1.625954
1.587786
1.687023
1.618321
1.603053
1.725191
1.625954
1.709924
1.725191
1.664122
1.595420
1.595420
1.679389
1.564885
1.618321
1.625954
1.664122
1.618321
1.610687
1.656489
1.656489
1.694656
1.641221
1.519084
1.580153
1.610687
1.709924
1.633588
1.618321
1.648855
1.671756
1.656489
1.656489
1.709924
1.694656
1.671756
1.603053
1.641221
1.694656
1.572519
1.633588
1.664122
1.702290
1.641221
1.625954
1.648855
1.664122
1.572519
1.702290
1.671756
1.641221
1.641221
1.671756
1.671756
1.671756
1.725191
1.625954
1.633588
1.641221
1.580153
1.732824
1.671756
1.641221
1.618321
1.618321
1.580153
1.648855
1.763359
1.564885
1.648855
1.671756
1.664122
1.564885
1.702290
1.740458
1.603053
1.679389
1.587786
1.595420
1.580153
1.732824
1.664122
1.610687
1.618321
1.671756
1.740458
1.687023
1.618321
1.633588
1.587786
1.687023
1.641221
1.679389
1.732824
1.595420
1.664122
1.641221
1.587786
1.587786
1.641221
1.778626
1.702290
1.687023
1.748092
1.664122
1.633588
1.709924
1.603053
1.603053
1.656489
1.679389
1.671756
1.549618
1.625954
1.694656
1.656489
1.648855
1.641221
1.557252
1.687023
1.679389
1.610687
1.656489
1.725191
1.702290
1.732824
1.618321
1.702290
1.702290
1.694656
1.656489
1.595420
1.618321
1.664122
1.664122
1.648855
1.664122
1.671756
1.656489
1.641221
1.580153
1.603053
1.641221
1.664122
1.671756
1.725191
1.656489
1.603053
1.671756
1.664122
1.694656
1.687023
1.656489
1.717557
1.656489
1.641221
1.603053
1.694656
1.618321
1.656489
1.610687
1.717557
1.618321
1.641221
1.709924
1.603053
1.641221
1.595420
1.580153
1.526718
1.679389
1.625954
1.580153
1.610687
1.694656
1.709924
1.656489
1.641221
1.633588
1.725191
1.595420
1.694656
1.641221
1.664122
1.603053
1.687023
1.580153
1.679389
1.625954
1.595420
1.610687
1.610687
1.671756
1.580153
1.618321
1.641221
1.671756
1.740458
1.664122
1.603053
1.625954
1.656489
1.587786
1.625954
1.641221
1.625954
1.740458
1.648855
1.633588
1.679389
1.671756
1.664122
1.618321
1.664122
1.618321
1.641221
1.679389
1.664122
1.687023
1.656489
1.503817
1.664122
1.687023
1.633588
1.618321
1.595420
1.549618
1.541985
1.580153
1.595420
1.687023
1.641221
1.641221
1.587786
1.656489
1.709924
1.656489
1.687023
1.618321
1.702290
1.572519
1.656489
1.633588
1.664122
1.557252
1.549618
1.641221
1.709924
1.618321
1.625954
1.679389
1.664122
1.610687
1.610687
1.656489
1.610687
1.671756
1.694656
1.671756
1.656489
1.625954
1.580153
1.641221
1.572519
1.702290
1.572519
1.633588
1.557252
1.694656
1.656489
1.572519
1.549618
1.618321
1.595420
1.580153
1.694656
1.648855
1.625954
1.648855
1.671756
1.694656
1.732824
1.709924
1.656489
1.610687
1.679389
1.656489
1.595420
1.641221
1.633588
1.572519
1.664122
1.732824
1.748092
1.709924
1.625954
1.648855
1.664122
1.702290
1.664122
1.671756
1.702290
1.587786
1.618321
1.648855
1.610687
1.633588
1.725191
1.648855
1.603053
1.625954
1.648855
1.641221
1.587786
1.610687
1.717557
1.625954
1.648855
1.603053
1.679389
1.671756
1.641221
1.679389
1.648855
1.664122
1.641221
1.679389
1.618321
1.687023
1.694656
1.625954
1.603053
1.618321
1.687023
1.656489
1.709924
1.778626
1.534351
1.687023
1.641221
1.641221
1.702290
1.694656
1.656489
1.664122
1.603053
1.610687
1.694656
1.732824
1.725191
1.694656
1.580153
1.656489
1.664122
1.618321
1.610687
1.595420
1.732824
1.625954
1.587786
1.694656
1.633588
1.725191
1.603053
1.603053
1.664122
1.709924
1.717557
1.656489
1.633588
1.664122
1.580153
1.671756
1.664122
1.610687
1.625954
1.709924
1.656489
1.580153
1.595420
1.656489
1.656489
1.641221
1.633588
1.625954
1.648855
1.648855
1.664122
1.702290
1.664122
1.618321
1.648855
1.633588
1.702290
1.763359
1.671756
1.633588
1.641221
1.694656
1.648855
1.641221
1.694656
1.641221
1.725191
1.656489
1.641221
1.679389
1.564885
1.534351
1.549618
1.702290
1.664122
1.664122
1.618321
1.587786
1.671756
1.580153
1.496183
1.557252
1.625954
1.648855
1.709924
1.717557
1.648855
1.625954
1.648855
1.541985
1.549618
1.633588
1.625954
1.595420
1.557252
1.603053
1.648855
1.656489
1.664122
1.587786
1.687023
1.648855
1.648855
1.633588
1.610687
1.633588
1.580153
1.687023
1.595420
1.633588
1.595420
1.656489
1.664122
1.648855
1.709924
1.664122
1.656489
1.595420
1.664122
1.603053
1.610687
1.656489
1.687023
1.755725
1.656489
1.625954
1.618321
1.671756
1.641221
1.625954
1.625954
1.633588
1.656489
1.633588
1.587786
1.656489
1.648855
1.694656
1.641221
1.641221
1.595420
1.679389
1.694656
1.748092
1.633588
1.709924
1.702290
1.656489
1.679389
1.671756
1.603053
1.694656
1.755725
1.618321
1.587786
1.587786
1.656489
1.648855
1.679389
1.664122
1.595420
1.671756
1.648855
1.717557
1.748092
1.717557
1.694656
1.641221
1.503817
1.687023
1.679389
1.671756
1.641221
1.687023
1.618321
1.664122
1.618321
1.648855
1.610687
1.625954
1.610687
1.557252
1.564885
1.625954
1.572519
1.648855
1.664122
1.717557
1.618321
1.648855
1.633588
1.664122
1.648855
1.717557
1.679389
1.687023
1.633588
1.656489
1.671756
1.648855
1.694656
1.625954
1.564885
1.610687
1.564885
1.664122
1.580153
1.618321
1.687023
1.664122
1.587786
1.587786
1.610687
1.671756
1.641221
1.541985
1.618321
1.641221
1.679389
1.732824
1.648855
1.625954
1.625954
1.633588
1.740458
1.641221
1.549618
1.633588
1.618321
1.633588
1.656489
1.709924
1.725191
1.679389
1.618321
1.610687
1.656489
1.709924
1.679389
1.603053
1.709924
1.610687
1.656489
1.603053
1.603053
1.610687
1.633588
1.610687
1.732824
1.671756
1.633588
1.709924
1.694656
1.656489
1.648855
1.694656
1.572519
1.549618
1.595420
1.580153
1.671756
1.694656
1.610687
1.679389
1.595420
1.603053
1.564885
1.687023
1.740458
1.687023
1.717557
1.679389
1.740458
1.656489
1.618321
1.641221
1.580153
1.519084
1.740458
1.587786
1.595420
1.702290
1.687023
1.603053
1.618321
1.618321
1.702290
1.671756
1.687023
1.648855
1.671756
1.679389
1.641221
1.702290
1.687023
1.656489
1.648855
1.648855
1.679389
1.725191
1.641221
1.679389
1.625954
1.549618
1.633588
1.625954
1.717557
1.549618
1.587786
1.625954
1.610687
1.656489
1.633588
1.702290
1.633588
1.625954
1.679389
1.610687
1.671756
1.740458
1.625954
1.641221
1.564885
1.679389
1.648855
1.595420
1.648855
1.580153
1.633588
1.587786
1.610687
1.633588
1.625954
1.618321
1.503817
1.648855
1.595420
1.610687
1.572519
1.664122
1.694656
1.549618
1.625954
1.694656
1.648855
1.648855
1.679389
1.610687
1.641221
1.755725
1.702290
1.656489
1.625954
1.633588
1.603053
1.641221
1.702290
1.725191
1.625954
1.671756
1.664122
1.702290
1.664122
1.572519
1.656489
1.709924
1.740458
1.534351
1.603053
1.671756
1.702290
1.618321
1.580153
1.763359
1.687023
1.702290
1.755725
1.587786
1.603053
1.564885
1.618321
1.763359
1.625954
1.633588
1.656489
1.618321
1.572519
1.610687
1.587786
1.679389
1.725191
1.610687
1.648855
1.687023
1.694656
1.702290
1.679389
1.610687
1.664122
1.618321
1.694656
1.610687
1.511450
1.709924
1.633588
1.641221
1.725191
1.740458
1.679389
1.656489
1.687023
1.641221
1.641221
1.778626
1.732824
1.656489
1.641221
1.687023
1.656489
1.648855
1.694656
1.557252
1.564885
1.595420
1.595420
1.648855
1.687023
1.664122
1.648855
1.648855
1.648855
1.572519
1.557252
1.717557
1.618321
1.641221
1.610687
1.541985
1.679389
1.671756
1.595420
1.603053
1.748092
1.679389
1.671756
1.755725
1.618321
1.679389
1.664122
1.709924
1.587786
1.656489
1.610687
1.633588
1.580153
1.625954
1.671756
1.572519
1.671756
1.625954
1.610687
1.625954
1.679389
1.702290
1.633588
1.603053
1.610687
1.603053
1.648855
1.633588
1.641221
1.633588
1.717557
1.717557
1.648855
1.664122
1.641221
1.656489
1.709924
1.679389
1.541985
1.625954
1.557252
1.656489
1.664122
1.625954
1.648855
1.687023
1.709924
1.587786
1.633588
1.717557
1.717557
1.702290
1.633588
1.656489
1.793893
1.793893
1.641221
1.740458
1.786260
1.717557
1.709924
1.648855
1.732824
1.717557
1.679389
1.633588
1.633588
1.595420
1.610687
1.625954
1.564885
1.618321
1.610687
1.633588
1.656489
1.641221
1.641221
1.625954
1.610687
1.641221
1.709924
1.656489
1.679389
1.648855
1.648855
1.541985
1.625954
1.671756
1.740458
1.633588
1.633588
1.664122
1.595420
1.595420
1.641221
1.587786
1.564885
1.664122
1.564885
1.618321
1.725191
1.633588
1.648855
1.633588
1.656489
1.664122
1.679389
1.603053
1.656489
1.595420
1.732824
1.656489
1.625954
1.717557
1.633588
1.618321
1.671756
1.641221
1.725191
1.709924
1.709924
1.687023
1.580153
1.595420
1.671756
1.587786
1.610687
1.725191
1.694656
1.625954
1.709924
1.648855
1.679389
1.641221
1.732824
1.618321
1.603053
1.702290
1.572519
1.641221
1.702290
1.656489
1.748092
1.687023
1.717557
1.625954
1.603053
1.671756
1.748092
1.603053
1.625954
1.709924
1.671756
1.633588
1.610687
1.694656
1.740458
1.618321
1.572519
1.610687
1.625954
1.549618
1.633588
1.580153
1.709924
1.603053
1.625954
1.648855
1.587786
1.648855
1.587786
1.610687
1.587786
1.641221
1.648855
1.603053
1.541985
1.572519
1.679389
1.641221
1.648855
1.610687
1.717557
1.648855
1.671756
1.610687
1.679389
1.793893
1.671756
1.656489
1.778626
1.664122
1.610687
1.694656
1.641221
1.648855
1.671756
1.687023
1.687023
1.824427
1.664122
1.648855
1.717557
1.702290
1.740458
1.709924
1.633588
1.641221
1.648855
1.656489
1.595420
1.564885
1.671756
1.664122
1.549618
1.709924
1.618321
1.732824
1.664122
1.603053
1.572519
1.618321
1.572519
1.648855
1.610687
1.641221
1.610687
1.549618
1.694656
1.603053
1.648855
1.580153
1.656489
1.679389
1.633588
1.664122
1.587786
1.595420
1.656489
1.648855
1.648855
1.610687
1.603053
1.648855
1.610687
1.595420
1.633588
1.641221
1.633588
1.625954
1.702290
1.671756
1.618321
1.580153
1.526718
1.618321
1.648855
1.564885
1.717557
1.687023
1.564885
1.687023
1.671756
1.709924
1.572519
1.671756
1.625954
1.679389
1.603053
1.587786
1.679389
1.549618
1.603053
1.648855
1.679389
1.725191
1.641221
1.603053
1.648855
1.572519
1.702290
1.564885
1.633588
1.694656
1.603053
1.633588
1.648855
1.679389
1.687023
1.618321
1.610687
1.641221
1.694656
1.557252
1.580153
1.564885
1.587786
1.671756
1.656489
1.603053
1.572519
1.702290
1.603053
1.641221
1.717557
1.641221
1.534351
1.671756
1.610687
1.648855
1.748092
1.618321
1.687023
1.580153
1.679389
1.625954
1.687023
1.671756
1.664122
1.717557
1.641221
1.572519
1.664122
1.641221
1.610687
1.610687
1.618321
1.618321
1.671756
1.625954
1.618321
1.648855
1.641221
1.725191
1.618321
1.656489
1.549618
1.664122
1.664122
1.610687
1.603053
1.572519
1.664122
1.786260
1.656489
1.740458
1.694656
1.687023
1.618321
1.664122
1.625954
1.610687
1.580153
1.641221
1.664122
1.687023
1.725191
1.648855
1.633588
1.618321
1.580153
1.687023
1.656489
1.671756
1.725191
1.770992
1.557252
1.687023
1.648855
1.755725
1.633588
1.603053
1.595420
1.641221
1.603053
1.694656
1.656489
1.664122
1.656489
1.641221
1.694656
1.717557
1.625954
1.564885
1.687023
1.717557
1.603053
1.572519
1.587786
1.641221
1.618321
1.648855
1.610687
1.687023
1.648855
1.702290
1.671756
1.687023
1.732824
1.679389
1.648855
1.549618
1.656489
1.694656
1.671756
1.633588
1.664122
1.679389
1.671756
1.732824
1.679389
1.656489
1.709924
1.671756
1.656489
1.725191
1.709924
1.671756
1.664122
1.580153
1.664122
1.679389
1.633588
1.641221
1.633588
1.641221
1.603053
1.595420
1.564885
1.687023
1.656489
1.564885
1.595420
1.648855
1.603053
1.580153
1.587786
1.656489
1.664122
1.664122
1.709924
1.625954
1.618321
1.541985
1.679389
1.641221
1.648855
1.740458
1.572519
1.664122
1.595420
1.587786
1.656489
1.648855
1.595420
1.603053
1.679389
1.671756
1.557252
1.587786
1.633588
1.564885
1.610687
1.526718
1.618321
1.587786
1.541985
1.603053
1.664122
1.641221
1.618321
1.541985
1.656489
1.656489
1.572519
1.717557
1.687023
1.656489
1.564885
1.557252
1.656489
1.618321
1.671756
1.564885
1.625954
1.610687
1.625954
1.633588
1.664122
1.633588
1.618321
1.595420
1.618321
1.610687
1.694656
1.664122
1.694656
1.763359
1.625954
1.572519
1.687023
1.656489
1.725191
1.633588
1.679389
1.671756
1.664122
1.664122
1.679389
1.664122
1.687023
1.664122
1.656489
1.687023
1.595420
1.557252
1.633588
1.648855
1.618321
1.709924
1.564885
1.549618
1.572519
1.610687
1.625954
1.755725
1.648855
1.748092
1.610687
1.656489
1.702290
1.679389
1.625954
1.580153
1.625954
1.625954
1.595420
1.709924
1.679389
1.725191
1.656489
1.610687
1.671756
1.648855
1.648855
1.679389
1.664122
1.694656
1.740458
1.656489
1.702290
1.687023
1.603053
1.732824
1.709924
1.687023
1.618321
1.664122
1.656489
1.648855
1.610687
1.618321
1.633588
1.671756
1.603053
1.656489
1.557252
1.587786
1.641221
1.709924
1.633588
1.519084
1.534351
1.664122
1.618321
1.618321
1.625954
1.656489
1.694656
1.664122
1.641221
1.541985
1.564885
1.664122
1.641221
1.656489
1.656489
1.603053
1.534351
1.694656
1.618321
1.625954
1.557252
1.702290
1.770992
1.763359
1.664122
1.641221
1.687023
1.648855
1.610687
1.679389
1.679389
1.618321
1.641221
1.694656
1.694656
1.633588
1.748092
1.694656
1.702290
1.709924
1.610687
1.625954
1.580153
1.740458
1.564885
1.664122
1.625954
1.671756
1.603053
1.557252
1.656489
1.610687
1.641221
1.625954
1.687023
1.648855
1.740458
1.603053
1.641221
1.610687
1.648855
1.725191
1.679389
1.687023
1.618321
1.625954
1.709924
1.717557
1.610687
1.610687
1.687023
1.694656
1.679389
1.656489
1.610687
1.618321
1.526718
1.557252
1.603053
1.633588
1.709924
1.633588
1.625954
1.664122
1.679389
1.633588
1.671756
1.572519
1.580153
1.664122
1.656489
1.732824
1.694656
1.671756
1.595420
1.679389
1.717557
1.702290
1.702290
1.671756
1.656489
1.656489
1.687023
1.633588
1.633588
1.656489
1.687023
1.633588
1.557252
1.641221
1.595420
1.709924
1.717557
1.633588
1.694656
1.694656
1.671756
1.648855
1.641221
1.656489
1.587786
1.702290
1.633588
1.648855
1.648855
1.564885
1.587786
1.603053
1.618321
1.702290
1.740458
1.618321
1.618321
1.656489
1.641221
1.580153
1.595420
1.641221
1.511450
1.595420
1.679389
1.679389
1.610687
1.618321
1.580153
1.633588
1.671756
1.534351
1.679389
1.656489
1.595420
1.679389
1.679389
1.656489
1.671756
1.740458
1.648855
1.694656
1.610687
1.633588
1.633588
1.656489
1.618321
1.564885
1.595420
1.564885
1.603053
1.664122
1.610687
1.702290
1.687023
1.534351
1.610687
1.694656
1.717557
1.641221
1.732824
1.587786
1.656489
1.725191
1.763359
1.679389
1.633588
1.648855
1.641221
1.595420
1.656489
1.687023
1.625954
1.557252
1.572519
1.656489
1.625954
1.641221
1.572519
1.610687
1.625954
1.641221
1.557252
1.664122
1.702290
1.717557
1.679389
1.618321
1.618321
1.671756
1.664122
1.633588
1.671756
1.709924
1.694656
1.679389
1.679389
1.625954
1.580153
1.587786
1.702290
1.709924
1.664122
1.610687
1.625954
1.648855
1.633588
1.740458
1.717557
1.694656
1.702290
1.694656
1.633588
1.656489
1.679389
1.671756
1.763359
1.656489
1.717557
1.748092
1.702290
1.694656
1.694656
1.679389
1.664122
1.595420


/*------- calcolo del valore di amplificazione su set di misure da 10 o 20 per 10 tentativi di misura-------*/

/*------- ASSE X -------*/
