1.725191
1.656489
1.687023
1.564885
1.664122
1.603053
1.549618
1.534351
1.572519
1.633588
1.587786
1.633588
1.580153
1.725191
1.786260
1.687023
1.664122
1.709924
1.610687
1.648855
1.664122
1.801527
1.709924
1.679389
1.687023
1.633588
1.610687
1.526718
1.564885
1.656489
1.725191
1.732824
1.786260
1.702290
1.679389
1.625954
1.618321
1.549618
1.580153
1.618321
1.664122
1.725191
1.603053
1.740458
1.725191
1.702290
1.656489
1.595420
1.801527
1.732824
1.595420
1.664122
1.664122
1.694656
1.587786
1.648855
1.641221
1.679389
1.603053
1.740458
1.610687
1.603053
1.557252
1.603053
1.702290
1.709924
1.664122
1.557252
1.595420
1.648855
1.618321
1.587786
1.679389
1.770992
1.694656
1.755725
1.717557
1.687023
1.740458
1.664122
1.610687
1.564885
1.748092
1.625954
1.572519
1.694656
1.664122
1.748092
1.618321
1.610687
1.633588
1.603053
1.679389
1.603053
1.587786
1.755725
1.717557
1.656489
1.412214
1.572519
1.625954
1.580153
1.595420
1.656489
1.633588
1.694656
1.748092
1.564885
1.656489
1.648855
1.618321
1.687023
1.679389
1.671756
1.625954
1.748092
1.717557
1.702290
1.694656
1.717557
1.786260
1.549618
1.572519
1.664122
1.541985
1.671756
1.648855
1.625954
1.618321
1.625954
1.664122
1.725191
1.664122
1.610687
1.725191
1.564885
1.694656
1.664122
1.763359
1.793893
1.770992
1.732824
1.709924
1.694656
1.641221
1.679389
1.587786
1.549618
1.488550
1.541985
1.572519
1.702290
1.786260
1.664122
1.702290
1.473282
1.473282
1.274809
1.374046
1.633588
1.595420
1.656489
1.725191
1.954198
1.916031
1.969466
1.862595
1.832061
1.748092
1.801527
1.633588
1.564885
1.465649
1.351145
1.442748
1.458015
1.603053
1.610687
1.648855
1.595420
1.572519
1.648855
1.732824
1.740458
1.801527
1.839695
1.923664
1.893130
1.969466
1.557252
1.374046
1.282443
1.274809
1.526718
1.595420
1.740458
1.641221
1.595420
1.717557
1.641221
1.755725
1.717557
1.870229
1.862595
1.832061
1.961832
1.778626
1.824427
1.633588
1.526718
1.587786
1.564885
1.595420
1.526718
1.587786
1.618321
1.648855
1.587786
1.603053
1.671756
1.770992
1.480916
1.770992
1.709924
1.717557
1.465649
1.648855
1.610687
1.633588
1.503817
1.595420
1.610687
1.564885
1.748092
1.702290
1.709924
1.557252
1.549618
1.587786
1.587786
1.526718
1.694656
1.694656
1.648855
1.839695
1.854962
1.839695
1.854962
1.793893
1.770992
1.679389
1.664122
1.580153
1.534351
1.404580
1.465649
1.488550
1.488550
1.519084
1.633588
1.587786
1.664122
1.709924
1.778626
1.923664
1.931298
1.748092
1.648855
1.801527
1.832061
1.564885
1.656489
1.541985
1.442748
1.412214
1.427481
1.625954
1.534351
1.664122
1.832061
1.709924
1.671756
1.740458
1.778626
1.664122
1.618321
1.687023
1.740458
1.603053
1.671756
1.595420
1.770992
1.740458
1.786260
1.969466
1.770992
1.809160
1.847328
1.801527
1.687023
1.648855
1.687023
1.656489
1.526718
1.664122
1.534351
1.458015
1.496183
1.473282
1.396947
1.557252
1.511450
1.473282
1.549618
1.679389
1.801527
1.748092
1.770992
1.809160
1.862595
1.862595
1.832061
1.839695
1.763359
1.778626
1.633588
1.572519
1.740458
1.557252
1.549618
1.427481
1.511450
1.534351
1.610687
1.526718
1.564885
1.526718
1.702290
1.610687
1.793893
1.786260
1.763359
1.832061
1.809160
1.763359
1.610687
1.595420
1.625954
1.648855
1.618321
1.541985
1.541985
1.595420
1.641221
1.519084
1.519084
1.641221
1.549618
1.832061
1.809160
1.687023
1.511450
1.442748
1.549618
1.854962
1.946565
1.916031
1.770992
1.671756
1.610687
1.732824
1.580153
1.557252
1.473282
1.366412
1.427481
1.656489
1.656489
1.778626
1.664122
1.595420
1.503817
1.816794
1.770992
1.725191
1.824427
1.862595
1.717557
1.671756
1.526718
1.488550
1.496183
1.519084
1.572519
1.458015
1.610687
1.648855
1.694656
1.648855
1.717557
1.671756
1.702290
1.618321
1.748092
1.793893
1.671756
1.793893
1.809160
1.618321
1.633588
1.587786
1.587786
1.580153
1.526718
1.435115
1.564885
1.702290
1.709924
1.725191
1.664122
1.748092
1.740458
1.809160
1.786260
1.931298
1.824427
1.839695
1.740458
1.648855
1.717557
1.587786
1.519084
1.717557
1.549618
1.572519
1.557252
1.603053
1.587786
1.603053
1.541985
1.694656
1.648855
1.717557
1.648855
1.740458
1.618321
1.603053
1.687023
1.702290
1.694656
1.717557
1.625954
1.656489
1.564885
1.633588
1.557252
1.671756
1.610687
1.564885
1.656489
1.656489
1.587786
1.725191
1.847328
1.725191
1.809160
1.832061
1.694656
1.755725
1.587786
1.580153
1.610687
1.595420
1.511450
1.526718
1.625954
1.580153
1.702290
1.625954
1.610687
1.633588
1.603053
1.564885
1.778626
1.625954
1.816794
1.694656
1.694656
1.702290
1.763359
1.717557
1.664122
1.480916
1.595420
1.610687
1.656489
1.526718
1.709924
1.580153
1.587786
1.618321
1.778626
1.778626
1.702290
1.732824
1.717557
1.732824
1.725191
1.633588
1.572519
1.541985
1.656489
1.694656
1.572519
1.541985
1.625954
1.687023
1.664122
1.633588
1.664122
1.740458
1.679389
1.778626
1.717557
1.679389
1.679389
1.625954
1.572519
1.648855
1.603053
1.618321
1.610687
1.664122
1.656489
1.625954
1.503817
1.763359
1.595420
1.610687
1.610687
1.740458
1.641221
1.885496
1.740458
1.709924
1.694656
1.702290
1.656489
1.717557
1.725191
1.587786
1.603053
1.702290
1.618321
1.694656
1.618321
1.656489
1.687023
1.755725
1.786260
1.717557
1.732824
1.595420
1.564885
1.374046
1.458015
1.580153
1.473282
1.580153
1.633588
1.648855
1.648855
1.679389
1.709924
1.709924
1.709924
1.702290
1.641221
1.809160
1.763359
1.679389
1.809160
1.679389
1.687023
1.732824
1.679389
1.465649
1.625954
1.541985
1.610687
1.664122
1.541985
1.671756
1.610687
1.633588
1.587786
1.603053
1.603053
1.671756
1.717557
1.671756
1.824427
1.603053
1.564885
1.603053
1.656489
1.572519
1.641221
1.580153
1.511450
1.519084
1.694656
1.603053
1.519084
1.717557
1.541985
1.564885
1.557252
1.694656
1.625954
1.717557
1.755725
1.916031
1.816794
1.763359
1.801527
1.633588
1.587786
1.641221
1.526718
1.656489
1.625954
1.656489
1.709924
1.778626
1.725191
1.618321
1.610687
1.480916
1.389313
1.419847
1.564885
1.526718
1.671756
1.618321
1.572519
1.694656
1.679389
1.809160
1.847328
1.793893
1.549618
1.625954
1.946565
2.137405
1.908397
1.740458
1.374046
1.473282
1.404580
1.511450
1.541985
1.442748
1.328244
1.358779
1.572519
1.687023
1.832061
1.824427
1.961832
2.091603
2.160305
2.091603
1.847328
1.816794
1.519084
1.335878
1.381679
1.221374
1.129771
1.099237
1.175573
1.458015
1.587786
1.603053
1.847328
1.832061
2.053435
1.824427
1.633588
1.603053
1.687023
1.832061
1.870229
1.916031
1.671756
1.687023
1.549618
1.618321
1.664122
1.732824
1.717557
1.488550
1.557252
1.572519
1.534351
1.725191
1.671756
1.809160
1.687023
1.610687
1.793893
1.740458
1.778626
1.732824
1.778626
1.671756
1.687023
1.694656
1.664122
1.641221
1.580153
1.603053
1.473282
1.580153
1.549618
1.480916
1.488550
1.534351
1.679389
1.725191
1.725191
1.877863
1.961832
1.763359
1.778626
1.648855
1.572519
1.740458
1.679389
1.595420
1.580153
1.671756
1.519084
1.572519
1.488550
1.564885
1.740458
1.648855
1.717557
1.809160
1.885496
1.854962
1.908397
1.778626
1.641221
1.725191
1.816794
1.923664
1.625954
1.213740
1.175573
1.213740
1.419847
1.709924
1.656489
1.625954
1.435115
1.374046
1.404580
1.664122
1.832061
1.679389
1.709924
1.847328
2.106870
1.816794
1.832061
1.748092
1.709924
1.557252
1.702290
1.564885
1.671756
1.641221
1.610687
1.480916
1.335878
1.366412
1.511450
1.633588
1.832061
1.969466
2.122137
1.809160
1.541985
1.458015
1.480916
1.740458
1.908397
2.114504
2.076336
2.007634
1.641221
1.290076
0.969466
0.923664
1.198473
1.549618
1.656489
1.656489
1.519084
1.488550
1.671756
1.862595
2.358779
2.709924
status : 0
MPU6050_Reset : 0
MPU6050_ImpostaDLPF : 0
MPU6050_ImpostaDivisoriFrequenzaCampionamento : 0
buffer : 2
MPU6050_ImpostaFullScaleRange : 0
Full Scale Range giroscopio : 8 status : 0
MPU6050_ImpostaFSRAccelerometro : 0
Full Scale Range acc : 8, status : 0


st_9 : 0
DFC : 1
DLPF : 1
status : 0
MPU6050_Reset : 0
MPU6050_ImpostaDLPF : 0
MPU6050_ImpostaDivisoriFrequenzaCampionamento : 0
buffer : 2
MPU6050_ImpostaFullScaleRange : 0
Full Scale Range giroscopio : 8 status : 0
MPU6050_ImpostaFSRAccelerometro : 0
Full Scale Range acc : 8, status : 0


st_9 : 0
DFC : 2
DLPF : 1
1.725191
1.725191
1.748092
1.755725
1.763359
1.763359
1.778626
1.641221
1.732824
1.709924
1.732824
1.786260
1.664122
1.709924
1.679389
1.809160
1.671756
1.687023
1.526718
1.801527
1.778626
1.648855
1.725191
1.618321
1.679389
1.679389
1.656489
1.709924
1.755725
1.770992
1.587786
1.595420
1.763359
1.717557
1.664122
1.694656
1.694656
1.717557
1.709924
1.694656
1.687023
1.816794
1.740458
1.732824
1.679389
1.687023
1.717557
1.740458
1.595420
1.709924
1.786260
1.709924
1.671756
1.740458
1.679389
1.687023
1.687023
1.656489
1.717557
1.687023
1.648855
1.725191
1.671756
1.717557
1.618321
1.778626
1.778626
1.717557
1.580153
1.709924
1.839695
1.778626
1.847328
1.740458
1.732824
1.687023
1.709924
1.755725
1.702290
1.648855
1.641221
1.679389
1.694656
1.671756
1.839695
36.229008
58.519085
26.709923
32.206108
38.374046
56.114502
63.740459
77.137405
68.656487
57.374046
56.030533
58.000000
55.648853
53.557251
54.297710
69.435112
52.923664
60.305344
51.083969
46.175571
36.190838
36.870228
38.343510
32.923664
21.404581
16.633587
15.740458
25.534351
25.236641
16.587786
25.534351
19.908398
20.870230
21.083969
18.519083
17.374046
19.694656
18.465649
17.511450
16.473282
16.526718
16.137405
21.870230
16.190840
18.496183
15.106871
14.167939
27.389313
23.091602
17.885496
16.641222
20.763359
24.427481
16.068703
22.549618
20.198473
17.908398
22.183207
28.992367
23.442749
15.488549
18.526718
27.763359
30.625954
43.809162
36.709923
25.114504
28.572519
26.931297
39.213741
62.488548
223.488556
121.557251
57.038166
41.137405
24.083969
30.717558
40.229008
20.419847
20.893129
26.763359
19.137405
34.496181
39.496181
27.396946
26.992367
17.854961
9.114504
6.511450
10.267176
11.725191
17.442749
24.595419
18.190840
4.236641
3.396947
3.137405
3.022901
2.946565
2.946565
4.381680
10.488549
19.175573
17.893129
16.748091
16.618320
8.755725
11.236641
14.427481
17.511450
15.572519
18.320610
16.106871
18.541985
25.083969
18.908398
15.305344
14.106871
11.366412
12.145039
6.671756
5.022901
4.198473
4.343512
6.114504
9.206107
15.221375
18.297710
18.244274
15.778625
14.923664
42.465649
30.404581
25.328245
38.969467
30.961832
20.977098
22.412214
18.587786
22.259542
27.877863
30.519083
34.053436
38.465649
12.770992
7.641222
17.564886
24.496183
30.816793
48.503819
35.244274
27.763359
38.244274
63.045803
48.206108
37.358780
35.633587
31.748091
26.343512
22.099237
21.641222
16.587786
21.427481
52.709923
54.167938
46.900764
25.763359
35.022900
29.916031
41.290077
44.893131
39.992367
28.687023
32.358780
36.465649
47.679390
22.137405
18.687023
28.687023
34.244274
37.038166
43.923664
34.427483
46.061069
39.213741
22.977098
38.106869
23.183207
16.022902
15.511451
15.221375
21.839695
34.694656
55.885498
44.106869
61.366413
39.106869
15.969465
24.648855
37.183205
44.954197
39.603054
25.320610
25.763359
26.099237
32.946564
27.389313
15.396947
16.977098
16.671755
12.557252
11.534351
12.557252
15.603053
23.564886
20.526718
17.648855
40.893131
48.603054
25.740458
26.083969
34.076336
20.770992
24.145039
16.389313
16.030535
16.511450
24.374046
18.709923
11.938931
14.893129
25.877863
37.557251
18.633587
14.435115
11.954199
14.908397
13.755725
16.770992
54.297710
26.129770
18.748091
14.557252
13.511451
14.793893
15.534351
20.862595
38.503819
34.610687
45.099236
49.503819
41.603054
28.083969
24.984734
14.000000
11.755725
17.526718
37.091602
61.167938
28.847328
21.732824
13.442748
18.290077
20.923664
22.274809
30.129770
33.778625
37.068703
40.679390
21.167938
15.992367
16.328245
22.931297
17.641222
55.923664
48.259541
33.236641
33.946564
44.083969
37.603054
34.083969
33.587788
35.832062
35.679390
27.351145
18.564886
20.236641
28.885496
38.244274
21.916031
33.877861
19.709923
18.809160
26.083969
30.030535
30.152672
60.778625
40.557251
52.221375
70.755722
56.435116
56.893131
59.297710
52.152672
23.106871
21.198473
29.419847
39.038166
40.465649
38.755726
31.610687
33.832062
29.404581
23.435114
44.725189
62.473282
61.877861
72.572517
67.748093
69.480919
62.259541
38.984734
42.870228
35.442749
82.083969
54.648853
71.603050
48.564884
46.030533
46.389313
48.809162
53.778625
59.893131
44.801525
48.396946
39.526718
46.473282
68.404579
73.404579
41.877861
39.145039
55.717556
64.564888
53.480915
72.022903
42.435116
44.809162
44.916031
61.091602
39.198475
46.954197
61.381680
55.992367
51.969467
52.045803
45.938931
52.786259
42.687023
34.801525
53.969467
45.625954
43.473282
38.152672
44.442749
57.167938
48.083969
33.290077
36.862595
37.549618
27.129770
38.083969
37.465649
42.198475
36.282444
37.854961
23.320610
17.656488
23.091602
33.076336
45.648853
52.519085
48.022900
26.450382
37.671757
37.564884
37.374046
36.122139
34.236641
51.465649
72.167938
58.549618
84.366409
62.625954
41.167938
36.748093
69.198471
55.931297
37.511452
39.190838
44.687023
37.320610
44.236641
57.572517
27.977098
42.847328
60.511452
52.122139
51.908398
32.687023
49.427483
47.190838
34.190838
39.389313
89.389313
68.908394
76.694656
68.091606
48.740459
56.625954
62.625954
75.305344
47.793892
49.541985
41.541985
56.099236
40.427483
46.656490
33.725189
32.114502
25.572519
20.213741
28.328245
28.755726
25.633587
25.717558
31.648855
44.068703
39.167938
40.893131
32.465649
28.610687
31.450382
57.083969
44.595421
56.129772
45.633587
33.236641
35.664124
50.351147
50.022900
49.007633
31.282442
42.809162
42.099236
40.389313
49.450382
59.099236
59.175571
52.564884
49.076336
49.450382
39.984734
38.992367
45.221375
31.870230
25.038168
49.007633
57.458015
44.015266
27.145039
25.770992
30.648855
53.190838
61.610687
59.656490
41.297710
45.335876
41.564884
39.572517
38.175571
33.290077
16.358778
26.656488
43.702290
67.503815
64.221375
46.870228
42.961834
55.091602
60.946564
46.000000
53.183205
62.526718
73.389313
79.793892
75.809158
74.717560
61.404579
65.870232
72.763359
58.152672
62.083969
49.175571
35.221375
40.465649
40.450382
41.687023
41.015266
40.473282
39.839695
35.770992
28.274809
26.106871
24.396946
29.633587
38.381680
25.595419
30.160305
38.045803
36.969467
49.893131
49.717556
51.519085
33.106869
34.961834
38.656490
53.671757
49.847328
52.832062
51.610687
45.641220
25.786259
25.564886
26.167938
39.007633
35.412212
13.160305
10.717557
10.923664
16.160305
16.740458
16.809160
17.717558
25.167938
22.190840
15.633588
13.404580
20.610687
27.526718
31.145039
13.534351
18.328245
15.442748
13.282443
12.022901
19.732824
19.541985
16.137405
5.496183
4.992366
5.206107
5.366412
5.801527
5.732824
5.549618
7.427481
7.366412
14.328244
31.007633
38.725189
12.984733
10.030535
17.809160
30.992367
19.732824
9.610687
9.618320
9.251908
7.641222
10.221375
28.015266
21.312977
14.007633
14.793893
15.740458
13.908397
10.290076
8.511451
7.450382
6.244275
6.229008
7.358778
7.503817
6.229008
7.534351
7.946565
9.809160
11.083969
14.030535
21.992367
15.748092
12.091603
15.061069
18.366413
5.183206
4.152672
5.511450
7.977099
11.793893
21.328245
6.603054
9.145039
12.885496
9.343512
7.534351
7.206107
45.763359
63.770992
26.885496
7.511450
31.694656
47.458015
13.297709
15.694656
9.358779
11.442748
61.083969
49.954197
25.389313
26.259542
21.839695
15.351145
23.106871
10.603053
8.297709
12.587787
48.610687
44.137405
12.824428
17.259542
29.320610
12.549619
10.877863
13.351145
10.381680
9.435115
15.656488
18.030535
21.916031
16.450382
11.007633
7.587786
15.351145
38.610687
33.839695
37.328243
31.007633
29.091602
18.854961
32.122139
50.740459
80.335876
36.419846
21.549618
38.061069
29.824427
48.458015
9.580153
13.251908
17.526718
35.786259
51.534351
60.038166
59.007633
37.610687
35.992367
14.770992
16.854961
12.595420
8.282443
7.259542
7.343512
8.969465
11.541985
16.526718
14.099236
7.816794
5.068702
4.282443
4.480916
5.587786
8.511451
13.824428
12.778625
10.946565
6.312977
5.358778
5.091603
4.732824
4.435114
3.984733
3.862595
4.106870
4.167939
5.748092
7.106870
6.824428
6.984733
7.511450
8.450381
6.580153
10.000000
22.213741
30.603054
27.213741
30.030535
20.702290
17.595419
19.366413
21.114504
33.328243
32.244274
19.412214
14.465649
10.259542
19.358778
27.282442
25.603054
23.664122
16.007633
19.977098
19.122137
20.984734
17.564886
16.801527
24.374046
12.839695
12.389313
14.824428
11.778625
8.458015
9.793893
10.404580
12.145039
12.038168
7.603054
10.770992
14.603053
16.664122
20.541985
14.312977
16.381680
16.992367
21.267176
19.503817
20.328245
14.961832
13.709924
11.122137
8.793893
10.511451
8.312977
7.229008
9.274809
13.053435
12.412213
48.503819
35.366413
27.122137
17.847328
25.007633
20.419847
14.740458
14.526717
13.328244
12.900764
25.419847
22.778625
20.656488
15.679389
13.122137
23.267176
17.526718
11.274809
10.534351
15.106871
26.519083
22.503817
13.900764
9.076336
6.045802
11.893129
12.526717
8.541985
7.564886
8.038168
7.625954
8.305344
6.076336
4.648855
4.213740
5.068702
27.076336
35.587788
29.175573
22.358778
18.503817
17.496183
16.091602
15.740458
14.000000
14.335877
22.305344
31.641222
34.534351
15.442748
14.335877
31.030535
34.412212
28.526718
25.740458
25.419847
53.442749
41.503819
31.595419
33.374046
16.725191
12.007633
11.053435
5.541985
4.091603
3.992366
5.274809
7.503817
9.671756
10.931297
9.206107
8.549619
17.534351
21.167938
10.709924
7.305344
6.381680
6.030534
15.748092
30.488550
19.236641
19.114504
17.213741
11.732824
13.908397
22.664122
48.244274
84.740456
15.732824
15.259542
15.251908
27.687023
29.351145
23.717558
48.603054
49.267174
57.977100
79.977097
44.709923
45.595421
49.328243
48.488548
24.206106
31.519083
22.931297
28.106871
53.587788
18.297710
19.183207
24.175573
26.213741
33.908398
21.389313
31.137405
17.587786
14.832061
15.473283
29.358778
23.709923
23.870230
13.503817
9.267176
7.801527
8.564885
9.633588
9.824428
9.717557
9.374045
10.251908
8.717557
7.022901
6.564886
6.435114
8.297709
11.106871
7.839694
7.870229
10.526717
11.748092
12.305344
17.938931
22.503817
14.045801
12.931297
10.053435
10.580153
26.236641
30.961832
24.763359
14.801527
15.061069
37.412212
28.664122
39.923664
28.946566
14.198473
15.564885
24.427481
10.893129
13.679389
15.068703
25.595419
31.297710
27.068703
16.740458
26.427481
15.755725
14.068703
11.633588
13.679389
22.183207
41.732826
28.419847
25.435114
14.053435
15.977099
8.190840
3.977099
2.244275
1.671756
1.717557
1.809160
1.671756
1.633588
1.732824
1.709924
1.709924
1.656489
1.610687
1.717557
1.625954
1.633588
1.687023
1.770992
1.893130
2.213740
11.206107
3.114504
3.656489
6.267176
19.763359
21.267176
12.541985
14.793893
18.877863
15.389313
22.152672
12.977099
16.977098
25.183207
21.206106
18.259542
15.030535
13.290076
19.099237
18.160305
12.419847
14.244275
12.045801
14.114504
17.877863
15.618320
17.145039
23.167938
26.083969
29.610687
22.229008
33.366413
34.763359
31.259542
37.175571
36.251907
28.877863
31.038168
26.572519
26.954199
23.229008
18.427481
20.328245
27.221375
16.862595
17.916031
14.793893
14.122137
11.160305
14.312977
14.045801
14.358779
10.114504
9.213740
7.832061
8.961832
17.641222
16.709923
18.961832
17.893129
12.732824
11.687023
10.053435
7.740458
7.358778
6.824428
5.480916
4.541985
4.236641
3.778626
3.076336
2.648855
2.572519
4.931298
6.381680
6.213740
5.541985
4.740458
3.832061
2.679389
2.160305
1.984733
1.992366
1.847328
1.839695
1.748092
1.725191
1.732824
1.687023
1.656489
1.587786
1.625954
1.702290
1.732824
1.641221
1.748092
1.671756
1.679389
1.709924
1.687023
1.702290
1.671756
1.778626
1.801527
