160
102
84
136
156
114
184
154
126
115
104
151
122
56
113
163
89
108
133
131
141
173
166
140
154
100
112
103
69
151
55
125
122
127
123
88
115
191
186
128
145
88
104
114
208
111
125
171
130
147
79
187
138
133
123
106
114
164
164
129
144
144
140
151
155
84
183
107
88
134
73
157
156
197
66
137
135
94
67
141
104
169
132
115
211
184
111
86
105
113
156
141
132
167
93
110
99
96
128
151
91
51
105
141
162
138
177
109
93
98
88
145
107
135
139
130
172
87
102
129
168
195
87
136
161
112
175
101
156
167
219
104
126
66
117
132
111
89
167
131
125
160
159
74
147
166
66
180
93
67
147
95
149
178
150
123
124
166
134
42
139
168
115
150
147
135
158
60
158
175
219
105
74
69
122
112
135
78
89
162
120
187
51
134
188
137
98
148
108
160
59
145
53
156
123
32
130
105
150
213
163
144
87
153
171
80
152
129
119
173
123
124
81
100
187
85
122
191
106
194
184
66
124
128
92
95
109
78
115
159
174
76
106
217
133
145
93
187
120
95
122
187
111
147
171
100
119
150
109
83
205
152
214
24
116
128
67
163
90
114
49
71
87
104
151
102
103
0
132
81
139
107
143
36
187
10
80
184
45
148
210
198
150
248
116
188
110
152
11
195
146
153
55
137
61
141
58
82
99
186
113
134
138
58
135
142
116
110
125
183
129
133
128
75
124
199
108
54
108
110
221
68
147
152
182
143
188
110
95
115
157
112
111
183
190
112
156
99
98
108
107
195
182
154
188
113
85
77
93
90
72
142
120
138
76
152
90
114
162
137
104
135
139
240
133
109
160
162
103
166
120
176
108
114
190
150
160
148
88
124
140
136
94
109
159
127
87
104
111
115
98
222
124
109
183
104
151
66
167
126
120
47
74
106
209
149
117
147
90
53
113
165
129
82
161
178
95
223
158
113
151
113
115
80
88
111
113
116
143
77
152
115
120
98
181
113
97
186
191
111
130
13
40
164
116
151
138
52
91
173
177
123
109
136
174
142
96
151
63
104
159
103
151
105
95
236
148
76
166
99
101
135
179
152
89
98
116
108
174
78
133
192
135
165
176
116
162
104
120
187
59
201
127
114
93
213
131
163
164
243
89
99
143
117
172
110
126
144
119
213
52
109
101
84
80
176
130
28
225
150
32
146
116
69
130
137
136
110
132
135
180
93
166
156
88
135
157
137
94
130
157
88
195
91
131
106
106
161
31
156
130
154
131
81
63
156
126
116
91
82
180
114
183
154
166
153
196
145
184
156
148
136
137
107
130
177
87
120
115
111
73
131
119
153
134
70
44
131
191
176
125
157
120
97
106
66
151
83
126
218
24
100
92
246
243
66
186
145
131
158
207
112
149
144
120
77
125
96
107
201
124
150
105
182
145
104
92
176
157
153
69
80
165
162
122
97
52
72
69
219
196
89
99
153
168
168
64
227
83
136
141
185
174
142
131
161
100
127
103
113
170
118
172
123
163
82
127
124
82
163
174
117
73
92
99
124
118
161
123
183
158
143
178
190
83
149
77
187
48
144
183
128
84
142
138
167
62
193
143
65
153
100
62
137
180
154
83
143
150
90
245
116
74
129
154
83
91
134
207
147
87
99
132
195
133
128
139
155
133
188
214
162
155
94
119
106
145
95
151
70
181
145
176
123
164
136
201
156
134
68
146
88
134
181
42
98
194
153
90
94
88
166
149
201
128
88
65
98
198
104
108
112
102
157
125
108
78
138
105
113
90
109
135
67
195
165
132
102
216
120
136
147
113
93
209
75
125
96
113
186
111
80
80
167
186
88
160
24
136
106
161
86
177
128
106
134
57
119
78
192
126
166
124
138
145
241
143
84
80
62
122
109
156
186
80
189
133
147
114
150
196
145
188
151
160
60
141
144
55
192
145
44
132
126
70
58
98
140
114
106
163
165
153
4
128
139
156
208
118
120
191
151
136
96
107
64
40
67
205
109
91
224
77
81
106
157
66
160
177
140
174
107
140
168
122
166
160
226
136
129
127
124
45
135
118
90
84
123
76
169
115
108
32
120
36
98
103
199
119
36
64
164
207
150
104
109
177
115
158
146
111
82
95
196
121
223
106
76
119
108
144
31
156
110
118
126
123
127
104
121
107
129
144
87
129
131
80
128
79
110
171
102
125
70
106
149
108
79
68
255
81
124
66
132
60
157
89
160
109
100
70
127
95
147
127
86
112
126
139
55
158
109
87
163
103
170
151
125
55
105
155
178
147
114
121
185
100
42
117
185
89
75
37
117
136
167
51
181
102
141
108
147
106
193
189
72
79
167
114
159
75
100
82
99
114
127
255
132
155
75
103
164
131
212
43
77
66
78
179
79
198
159
78
220
146
88
63
152
58
152
89
65
199
127
135
83
122
63
129
28
60
150
41
130
92
82
142
110
122
53
65
70
57
133
158
158
230
17
54
122
202
149
135
72
121
167
117
80
141
144
160
95
99
117
111
103
119
128
135
129
110
185
140
204
202
163
155
192
63
135
164
14
175
51
175
142
64
93
183
86
189
86
157
115
175
164
157
125
166
110
41
74
127
86
83
152
75
104
127
172
169
101
79
65
101
59
77
107
62
72
118
168
97
148
192
66
177
51
167
112
150
207
90
157
128
255
136
137
85
165
76
170
255
80
175
117
127
158
133
59
140
166
160
111
127
122
101
90
167
167
169
206
163
102
147
191
194
183
102
144
66
99
167
175
102
131
100
55
175
166
131
74
118
112
105
51
86
143
104
103
166
110
184
138
119
134
58
126
168
125
80
165
143
163
130
75
179
180
156
182
224
122
133
52
127
104
176
106
54
170
209
64
125
121
179
110
96
152
100
159
149
102
93
147
161
216
78
131
82
118
119
102
164
174
159
105
90
167
118
148
43
131
147
98
103
119
179
82
55
192
184
134
193
73
96
10
136
189
137
79
138
146
111
146
179
116
110
135
237
165
179
158
198
176
99
84
101
90
91
229
255
116
62
171
129
85
123
58
203
95
150
171
142
68
141
111
187
162
241
94
119
133
91
136
134
110
107
157
83
232
176
93
188
158
90
173
191
181
182
162
57
205
102
173
125
186
89
175
146
98
174
164
144
159
102
122
65
127
165
136
87
176
149
24
170
228
130
115
109
211
68
92
95
190
122
197
72
178
141
129
107
127
108
121
149
138
144
177
12
88
151
115
150
187
167
182
29
148
137
73
69
95
131
134
122
78
64
215
89
163
111
132
127
93
120
124
136
104
137
163
72
118
94
144
167
116
147
84
91
118
147
138
67
97
160
114
123
52
218
151
129
116
105
79
199
146
104
36
100
141
135
131
190
189
187
135
124
62
205
41
136
164
61
149
190
104
102
216
77
73
134
88
130
143
144
110
167
160
96
205
75
108
182
64
114
118
94
101
136
93
104
178
73
163
103
134
158
89
111
98
103
155
156
80
124
155
169
141
72
178
83
98
131
170
158
153
66
122
77
151
167
156
3
146
114
91
134
205
104
168
122
95
134
150
122
61
60
142
144
166
116
184
166
120
113
113
45
29
78
112
169
67
154
163
119
109
153
167
112
141
166
24
82
166
154
159
78
136
97
95
178
121
120
188
107
131
183
78
148
169
152
167
41
164
78
132
163
113
141
171
219
131
104
119
201
107
149
90
192
49
153
141
143
159
226
212
164
148
74
125
116
92
91
79
156
122
126
114
131
84
80
166
69
178
97
164
35
107
148
160
52
142
153
164
153
117
133
155
87
146
100
80
50
154
254
148
100
101
152
90
106
119
135
167
110
131
162
75
101
137
179
91
240
207
108
183
154
114
28
104
198
127
141
114
200
166
156
139
189
224
115
146
95
138
184
125
175
19
184
180
109
152
158
82
118
90
141
108
63
80
133
114
55
178
102
96
131
162
183
51
112
92
200
105
89
124
139
82
46
96
155
98
85
142
189
223
118
84
160
152
205
62
168
91
171
217
44
184
190
78
208
60
108
107
35
62
176
115
129
98
143
139
105
94
142
172
125
174
169
155
221
100
83
196
133
171
140
138
140
185
123
153
82
164
68
146
174
148
122
238
93
188
110
161
82
33
157
150
37
164
106
137
141
177
143
155
115
147
74
167
172
115
143
132
12
159
184
109
104
100
131
113
219
87
102
50
156
130
155
107
117
170
106
187
183
103
126
143
69
102
71
138
126
94
152
133
121
161
182
75
217
137
233
94
26
84
112
152
162
180
141
179
81
178
177
11
140
141
178
152
136
195
183
160
125
170
195
76
126
160
143
149
92
80
126
153
140
138
95
126
118
163
142
134
140
105
86
114
114
140
86
50
109
77
99
171
184
82
116
150
77
199
153
108
79
23
77
123
153
82
35
162
120
101
132
118
97
160
181
161
151
151
53
143
97
190
75
109
108
18
176
146
162
149
114
128
57
60
93
151
136
144
132
145
65
162
151
224
77
70
129
165
161
114
126
83
134
133
107
135
83
54
125
197
140
111
171
65
126
131
134
83
116
129
121
178
160
183
102
99
91
169
77
152
157
97
190
115
106
107
206
137
161
72
104
183
107
151
87
167
99
186
138
255
55
52
81
67
169
140
145
106
69
113
91
214
178
88
82
67
131
180
103
144
165
151
40
139
93
164
121
120
111
72
80
99
135
156
110
114
185
147
108
149
185
127
127
161
102
108
98
255
102
121
88
163
122
160
162
94
156
116
100
230
140
127
82
187
140
219
58
27
206
119
122
91
125
122
164
170
194
157
112
97
103
156
110
167
83
117
97
99
40
85
169
91
183
139
207
107
104
194
165
128
102
125
173
206
140
85
123
150
130
116
187
139
128
126
152
120
135
113
72
170
121
104
97
103
117
153
108
143
85
83
192
164
195
127
57
114
154
123
97
86
140
120
119
121
121
81
100
36
231
163
84
40
113
152
140
47
101
135
76
194
65
131
80
83
94
215
166
133
101
106
179
149
115
160
133
74
100
109
0
90
137
156
104
184
127
0
252
97
114
124
101
77
98
129
61
142
109
208
73
99
78
118
178
154
158
165
170
155
121
107
139
104
76
238
191
127
124
80
112
182
145
131
117
125
173
27
170
186
116
166
155
185
141
103
129
40
229
157
83
175
168
79
127
149
87
64
93
200
45
92
187
61
116
131
113
154
151
153
163
85
80
108
197
78
165
190
137
179
112
153
145
125
150
79
91
82
92
164
50
127
131
111
157
138
93
124
53
67
155
59
231
107
155
122
110
158
150
174
25
128
134
138
140
106
66
149
181
116
92
88
79
146
150
183
76
62
26
85
183
88
176
97
157
108
69
179
48
98
95
108
3
158
188
73
122
117
85
149
108
130
41
166
149
134
139
87
174
78
196
143
175
98
215
152
28
94
150
103
153
160
83
148
142
100
157
101
205
115
127
160
197
126
137
134
66
141
97
128
85
147
163
168
140
197
118
76
142
124
130
167
93
115
53
165
63
172
150
216
74
131
148
127
130
115
45
218
195
132
102
200
68
160
60
148
158
114
137
218
221
72
41
155
143
115
121
65
76
163
157
167
167
84
116
88
138
139
118
220
125
204
136
203
154
47
142
91
91
76
127
119
184
138
115
161
119
160
81
104
89
153
99
208
101
100
154
146
127
75
175
99
165
142
134
114
87
140
163
137
134
183
90
87
152
71
98
44
93
42
158
139
132
73
170
68
168
100
131
104
134
54
177
82
68
19
136
155
166
58
110
90
128
120
117
113
161
178
121
97
191
190
129
89
134
108
197
97
191
113
151
87
134
136
112
165
161
139
152
148
85
154
86
99
159
149
93
143
98
53
177
86
198
141
147
54
159
84
137
101
190
199
126
124
69
90
160
49
190
191
88
121
135
168
79
107
184
130
67
173
176
152
156
198
100
123
136
148
133
155
97
116
56
153
98
120
127
167
194
146
136
131
139
174
81
91
195
140
107
45
28
176
79
76
66
139
129
109
148
184
159
126
117
106
142
167
150
166
154
118
112
79
144
134
121
107
181
73
137
154
69
122
59
144
188
117
43
111
236
71
173
166
137
148
145
233
154
182
233
133
102
85
155
131
124
143
181
118
206
118
77
150
98
115
174
187
92
184
217
175
122
183
131
134
88
110
95
203
161
149
145
98
196
140
126
188
84
200
117
65
168
99
149
108
159
103
150
112
128
150
121
154
83
138
84
169
159
115
122
87
142
215
135
120
115
111
115
127
164
120
214
90
131
138
132
128
157
96
91
92
134
95
141
93
195
200
162
180
99
100
75
128
138
140
64
170
142
61
123
115
65
89
220
136
73
120
164
67
241
83
82
102
125
98
216
90
68
141
100
120
104
85
143
147
133
91
126
87
166
93
196
136
188
182
70
27
180
129
175
142
94
160
98
157
162
153
34
103
126
121
23
107
180
67
145
160
136
103
135
149
119
96
74
174
152
149
137
148
88
189
128
164
129
72
110
124
117
166
37
154
172
115
168
47
68
108
130
142
159
156
107
192
100
176
174
142
148
95
141
173
73
128
113
212
85
179
111
138
118
230
50
128
83
160
91
170
159
126
87
209
157
127
142
53
84
157
79
175
165
146
141
165
182
134
76
91
123
85
88
128
106
128
108
149
151
93
131
117
74
168
122
171
158
56
107
212
165
55
79
145
119
41
183
122
130
138
96
111
170
178
127
149
127
193
152
179
60
61
128
154
115
81
127
90
110
157
103
116
120
112
35
133
121
167
88
102
63
92
158
202
182
123
60
166
121
53
187
135
118
160
184
173
106
104
113
176
86
212
133
67
176
158
111
102
194
157
104
174
81
137
205
117
131
145
82
120
197
151
164
194
154
150
209
140
160
91
118
170
99
71
32
147
42
126
217
195
148
151
171
71
125
79
133
88
120
115
193
104
121
84
96
84
119
52
118
133
185
131
128
103
105
110
106
220
112
87
168
188
107
148
177
77
95
159
103
150
123
140
116
139
129
182
176
115
99
104
147
93
85
155
152
197
41
126
179
123
148
51
104
112
93
153
168
120
138
104
124
56
106
48
147
157
53
134
152
128
120
158
110
130
222
225
153
193
116
171
85
129
126
79
137
128
130
54
116
115
179
162
111
123
154
110
136
62
29
172
142
39
49
49
81
110
169
123
148
154
120
156
114
145
102
194
92
124
223
86
65
118
111
157
137
129
219
84
124
120
153
71
177
95
245
180
104
163
114
134
163
168
152
125
142
137
128
179
103
40
130
119
131
142
108
119
158
109
136
155
225
94
81
133
155
75
16
145
162
199
68
128
162
140
87
129
144
124
177
102
120
139
124
224
154
79
186
191
79
181
127
200
169
98
131
175
168
188
192
180
129
133
80
107
96
192
98
159
99
140
130
89
106
172
139
173
164
150
103
76
77
157
132
170
85
188
140
61
127
149
111
145
140
169
157
99
138
178
51
155
196
77
149
137
169
145
115
29
131
108
95
69
158
137
147
132
60
87
187
88
169
107
118
153
160
179
144
129
117
105
188
132
190
127
112
147
229
186
117
32
117
174
78
105
202
104
125
118
102
48
114
127
102
179
127
106
78
141
124
139
201
71
154
119
112
112
106
98
119
142
116
114
122
151
141
171
132
149
132
113
60
67
72
130
98
112
64
137
129
224
157
161
201
147
108
135
120
134
199
184
124
37
181
69
42
156
146
157
142
71
139
166
105
117
138
156
148
69
133
114
153
134
96
68
19
101
129
132
161
126
166
186
127
95
109
169
148
94
150
120
99
144
147
148
190
134
119
152
103
153
85
111
59
127
199
99
153
174
75
140
109
85
180
98
93
191
113
111
165
91
165
100
199
151
62
67
145
59
69
153
144
97
145
144
177
81
84
98
149
123
97
96
129
112
141
73
144
113
125
160
107
64
128
134
83
93
146
155
120
122
116
86
186
152
110
107
70
76
138
139
145
79
138
142
219
95
57
180
135
91
95
109
170
91
204
143
43
129
146
164
238
167
145
160
141
60
81
83
170
118
103
153
100
155
146
101
113
33
121
60
67
134
111
106
161
186
146
233
129
138
133
134
41
72
92
170
232
147
77
167
109
128
142
158
195
99
115
131
80
132
98
172
99
140
109
185
206
89
58
95
126
89
133
86
104
158
94
142
131
96
48
119
104
113
162
134
216
107
101
77
186
125
101
104
151
60
149
60
130
54
135
152
171
157
177
179
175
62
201
125
92
149
147
118
158
86
93
111
86
178
172
99
117
121
92
61
124
133
73
72
170
164
55
202
119
146
129
104
113
134
198
167
104
151
88
0
116
162
110
82
104
162
171
147
62
170
124
55
149
161
117
99
193
42
173
142
99
136
139
33
158
4
129
70
159
165
88
162
181
115
89
160
174
149
115
120
52
103
125
106
149
114
154
139
194
94
214
154
58
107
104
62
160
187
177
154
85
96
127
69
135
137
170
201
166
63
189
95
157
139
161
123
84
155
121
100
137
188
59
149
177
178
95
128
174
67
172
119
138
118
206
200
122
218
177
110
172
133
141
55
206
126
186
157
49
163
120
100
151
136
123
79
84
125
171
84
164
134
134
209
201
148
102
240
170
77
129
77
78
169
105
89
126
71
186
119
143
185
35
104
100
114
121
77
146
78
60
121
111
202
201
91
141
132
70
174
156
104
156
148
106
130
99
147
75
157
96
163
67
145
165
126
87
113
96
135
130
129
160
80
93
88
77
72
189
144
69
82
96
168
122
130
130
107
89
81
207
159
180
160
79
88
167
105
74
182
60
115
58
74
81
124
129
98
153
129
155
112
67
177
102
131
177
184
123
152
134
172
93
116
139
111
155
137
132
82
135
135
176
147
159
100
187
147
59
148
111
76
137
61
56
158
73
103
110
177
141
76
102
99
93
176
68
172
180
90
151
146
129
148
191
161
158
114
113
90
103
178
94
47
103
171
69
189
172
89
90
213
85
133
142
135
143
126
130
101
115
161
98
175
170
184
136
31
164
139
175
95
191
98
102
99
113
85
131
171
67
166
101
33
174
144
66
222
62
101
68
133
168
161
138
152
100
116
112
16
170
67
119
147
125
71
149
124
101
57
146
191
90
182
142
95
205
109
159
75
129
77
126
140
128
190
118
139
175
144
151
144
114
80
84
144
234
147
182
224
123
130
190
145
182
137
139
212
186
175
191
107
158
225
75
95
44
70
121
94
87
157
151
143
143
131
103
193
181
174
171
195
151
61
156
143
86
146
93
133
97
132
168
71
33
183
96
89
117
228
153
175
138
118
78
132
144
128
60
73
147
90
66
84
215
148
145
73
145
63
131
33
132
79
80
127
149
153
96
87
90
98
107
126
117
164
123
168
130
135
142
160
187
168
206
112
197
141
103
107
129
201
155
140
77
143
161
192
61
116
94
140
155
128
103
46
74
41
156
182
71
153
84
130
136
112
162
164
153
153
121
163
160
97
130
114
122
132
131
145
112
143
156
106
114
126
112
152
138
142
41
55
107
110
45
158
140
127
139
165
109
125
140
75
91
114
62
88
130
156
100
184
209
196
121
158
151
105
87
140
150
97
170
147
168
117
122
132
184
81
65
106
150
191
105
163
102
129
173
76
154
71
104
67
166
142
100
74
126
49
149
240
41
138
136
16
162
119
138
89
77
78
204
190
126
34
98
152
78
109
141
111
108
142
98
126
84
105
111
149
122
100
164
125
151
110
143
140
80
132
92
85
147
80
139
124
110
106
130
236
172
123
157
132
185
158
78
78
179
117
84
132
157
100
149
128
81
139
125
58
21
137
89
188
104
200
97
202
156
90
67
124
101
137
143
113
99
146
122
141
143
40
159
203
101
157
43
121
122
73
88
69
148
255
192
75
129
181
118
116
61
170
99
119
178
178
153
72
232
121
95
158
46
24
123
159
61
15
98
85
100
86
159
165
117
132
135
195
115
168
148
129
85
148
143
24
159
80
89
54
170
28
94
219
101
137
113
123
133
136
152
87
157
74
117
206
104
78
122
117
107
71
73
147
74
56
87
163
141
199
195
94
175
107
151
166
154
178
137
129
173
109
45
60
147
114
183
130
108
151
190
130
158
213
87
130
73
130
104
119
92
178
137
151
106
42
122
142
142
176
97
177
157
133
64
139
175
102
171
173
154
112
81
140
112
113
80
143
115
114
226
122
101
61
194
103
190
102
127
113
107
173
155
82
79
90
168
86
129
128
116
118
81
87
86
182
99
120
92
162
147
100
56
157
122
68
116
51
202
158
232
193
37
69
155
104
122
68
88
81
154
150
126
151
106
189
132
139
119
155
159
163
144
54
160
98
106
124
133
103
146
148
191
133
55
139
180
144
187
90
129
134
195
101
162
130
85
144
202
126
93
96
121
151
236
107
64
81
151
144
145
136
123
63
100
87
145
201
150
176
207
221
81
47
130
147
126
164
149
141
166
133
167
124
65
105
120
120
174
118
87
125
133
98
134
153
100
158
147
218
84
126
145
165
55
149
123
215
65
104
126
161
87
142
117
100
154
142
29
109
98
110
154
142
166
93
153
224
185
209
24
127
91
141
141
25
166
159
147
116
104
46
69
117
207
142
80
104
92
149
163
124
82
54
181
142
202
173
55
90
79
128
120
166
92
90
147
67
199
90
116
108
163
104
113
105
185
160
180
154
106
44
49
140
118
87
162
124
62
120
179
96
141
114
112
55
114
61
106
133
86
66
116
96
168
138
123
193
186
87
123
129
109
113
103
122
54
98
53
52
96
124
187
140
136
152
146
132
131
166
109
129
156
126
116
153
85
204
213
142
121
123
137
142
101
108
91
165
110
154
124
76
89
45
82
143
93
88
75
172
97
100
146
137
86
136
139
116
138
162
201
60
150
160
105
121
163
173
89
225
59
148
157
148
131
164
147
32
129
137
204
136
182
65
120
129
99
105
35
82
184
145
123
161
94
58
138
38
140
72
167
147
119
140
75
88
66
119
171
144
148
213
145
114
146
128
172
121
133
77
140
40
104
130
136
90
212
128
92
162
145
152
97
194
149
151
106
204
164
137
37
167
127
156
96
37
189
128
112
121
182
32
132
80
172
133
126
139
107
161
134
171
145
62
152
155
174
117
148
140
107
52
184
201
149
140
196
184
119
148
172
137
111
119
139
169
117
89
90
94
193
106
187
103
136
156
46
116
116
98
145
153
138
112
79
97
161
125
162
161
152
78
147
24
184
72
135
133
118
40
163
184
144
63
165
143
130
123
93
64
144
67
196
92
154
117
159
109
117
78
37
39
77
148
127
104
25
108
81
126
146
125
154
125
72
84
76
95
203
123
144
157
110
50
41
137
96
245
118
81
128
88
138
207
125
175
140
82
67
129
219
123
136
153
169
139
156
143
168
106
161
147
136
151
87
158
76
75
137
187
132
101
133
159
189
142
170
132
187
168
103
95
107
154
175
95
140
151
196
132
177
129
74
58
73
139
108
64
82
100
118
191
146
164
168
177
94
129
119
183
103
133
71
107
123
88
146
117
98
176
81
143
125
121
67
155
131
172
139
179
83
145
141
127
143
106
123
194
74
153
149
48
145
117
99
119
64
185
199
115
65
164
113
114
116
182
143
177
164
212
171
113
224
125
101
108
170
101
109
169
128
157
157
45
123
114
149
126
104
88
94
167
202
175
162
149
106
142
51
134
136
127
181
107
95
40
99
113
99
167
74
162
61
96
106
153
169
140
83
97
132
175
152
129
53
164
159
143
150
139
164
86
176
72
126
163
131
102
131
106
88
94
169
174
87
49
107
107
130
67
133
178
137
192
150
78
182
149
61
117
130
43
185
115
106
71
125
83
175
172
69
24
140
159
148
103
169
110
87
52
145
100
135
169
122
149
168
172
167
138
97
210
142
114
118
73
171
156
103
111
168
119
137
155
109
75
120
155
123
160
132
169
142
171
143
128
138
174
139
192
94
118
123
151
140
142
171
250
82
77
110
202
169
58
129
155
78
147
151
171
148
128
120
95
123
103
176
97
105
123
163
87
178
155
144
136
92
125
82
52
140
207
124
161
143
124
160
97
157
103
159
146
121
166
161
108
112
63
103
79
217
152
132
140
73
107
231
0
146
172
63
131
154
89
124
203
110
125
138
69
125
132
87
132
108
146
89
58
126
117
124
59
203
73
84
126
162
69
138
110
146
142
144
61
80
135
110
169
101
108
100
145
119
73
141
161
146
118
63
73
124
148
137
143
134
194
91
106
62
120
136
120
106
55
174
128
165
141
143
195
173
132
106
92
188
204
182
74
163
149
124
60
144
153
161
149
154
100
168
98
189
93
175
164
166
170
139
77
83
59
144
132
125
146
88
120
88
58
117
128
75
115
86
120
200
114
88
142
92
151
136
126
151
206
149
143
144
140
116
119
135
122
139
103
159
96
135
203
160
102
206
116
110
102
137
74
179
105
98
94
129
165
137
129
117
85
71
135
116
104
94
165
162
91
166
85
157
96
176
95
129
150
57
150
188
151
112
107
63
142
174
179
98
167
134
96
165
70
98
149
187
123
64
121
135
134
163
210
227
123
109
90
116
143
112
146
82
147
150
193
198
126
85
109
168
124
158
147
153
4
158
143
102
62
109
133
185
194
227
117
116
119
86
66
161
134
161
163
85
206
143
80
124
110
174
126
180
99
188
164
163
111
89
212
17
77
42
165
197
169
216
194
147
150
104
126
129
172
66
139
54
142
133
19
74
76
112
51
113
39
181
179
140
90
164
91
211
87
156
169
133
47
164
164
187
84
103
138
85
169
102
113
96
102
110
142
150
149
136
131
86
69
168
114
93
194
21
212
39
130
66
82
139
126
108
131
138
144
68
135
106
131
120
127
132
95
123
185
197
45
145
140
160
55
131
201
171
197
160
173
170
118
119
89
170
133
234
44
151
101
195
125
131
141
185
162
174
144
144
111
115
145
72
125
84
42
95
104
126
114
156
113
144
92
161
130
185
88
233
104
142
32
53
168
191
77
129
183
150
147
144
164
149
57
187
153
119
152
58
57
132
102
122
93
178
119
135
103
62
144
132
143
175
101
216
109
91
129
128
123
51
147
114
100
77
195
177
69
64
75
77
174
111
123
120
153
134
169
144
122
91
90
239
106
104
178
208
108
201
185
111
107
186
79
88
111
78
190
87
169
86
110
154
170
178
105
77
152
110
202
16
109
91
139
80
133
157
65
70
102
85
164
118
131
23
182
70
192
199
70
88
133
103
153
159
85
121
166
69
79
133
72
203
215
154
169
146
195
224
158
126
147
92
113
125
76
167
255
82
160
111
121
102
84
109
107
81
159
53
147
122
131
165
95
86
110
116
187
70
138
70
84
93
142
130
126
115
131
126
163
110
110
144
151
37
178
139
155
178
191
182
60
177
90
169
131
165
79
138
109
96
59
98
127
157
109
174
147
174
100
235
130
87
122
201
146
146
158
94
89
162
204
181
124
93
144
169
132
131
93
114
253
156
121
188
124
134
203
201
102
162
201
210
91
127
171
145
137
102
123
182
134
111
124
83
147
112
107
178
134
132
81
179
191
124
164
138
106
100
147
110
152
181
76
107
98
160
163
125
140
79
172
106
151
135
140
200
201
88
138
85
160
136
186
139
125
106
100
114
147
180
211
160
112
156
129
139
20
147
56
146
96
193
172
133
177
126
180
172
93
153
148
197
148
166
137
201
153
120
76
187
156
144
135
132
145
187
117
103
27
215
247
169
118
136
190
71
75
130
153
130
90
121
133
70
221
177
147
114
157
142
119
149
136
31
115
154
228
141
147
178
117
100
91
126
160
115
95
109
197
141
124
96
81
73
141
73
163
124
205
98
145
112
209
142
155
50
119
161
113
167
164
67
93
111
40
92
142
127
44
134
227
76
110
70
111
130
131
102
154
111
90
52
103
125
100
168
131
158
101
137
91
104
141
95
82
129
137
148
155
76
96
143
224
205
172
103
81
131
96
149
183
99
183
119
115
140
164
148
131
163
199
162
85
102
158
148
160
169
139
82
142
116
90
105
122
124
87
139
185
132
151
110
157
157
66
111
108
137
202
54
168
114
111
115
147
106
165
119
146
163
141
139
76
30
119
114
35
128
142
69
107
40
122
154
89
82
12
129
112
183
208
102
168
130
164
224
105
124
186
114
198
149
152
58
105
89
126
155
141
155
108
177
124
127
144
71
185
132
108
142
152
200
129
146
109
113
61
169
145
15
120
94
137
104
158
117
205
153
104
93
147
100
69
145
99
96
121
170
117
103
87
107
60
115
73
96
99
142
207
98
138
167
188
112
109
255
150
151
143
153
103
115
144
156
20
166
135
132
174
177
103
187
81
194
135
147
137
219
122
130
112
104
136
111
118
89
110
167
76
149
140
125
77
51
172
141
101
66
205
78
114
139
131
108
78
200
106
77
153
176
61
107
114
156
86
198
99
134
94
146
211
149
137
90
162
127
82
155
135
183
125
207
200
99
138
156
67
94
202
105
202
115
158
124
178
160
118
166
184
64
148
41
177
27
175
153
183
101
123
114
59
120
102
47
115
108
129
117
201
97
160
71
118
86
144
177
146
166
130
122
224
194
142
202
160
86
177
29
144
217
146
115
179
123
165
133
90
94
184
224
151
128
94
83
119
21
174
136
169
114
135
15
115
170
102
104
109
151
135
32
217
191
109
110
142
118
108
229
88
160
107
129
175
142
121
110
126
134
139
79
117
142
153
113
133
108
62
99
98
142
136
70
131
105
109
165
128
77
88
100
105
119
167
110
142
83
179
121
98
98
122
55
101
153
99
88
41
150
136
204
108
79
133
64
162
74
103
133
173
156
111
128
137
112
172
67
129
123
88
89
108
150
62
160
119
147
110
159
107
148
73
118
61
151
157
82
185
222
200
85
151
42
101
194
153
153
192
26
134
57
122
192
82
129
142
101
178
133
33
148
119
76
227
207
179
176
223
105
32
167
136
117
74
97
159
57
118
43
174
132
92
114
139
72
133
188
124
149
104
132
131
110
74
149
218
122
74
108
174
126
102
185
144
207
205
139
92
141
90
169
51
122
165
156
181
120
79
198
165
135
140
105
76
138
123
148
130
179
166
74
130
148
184
105
149
136
162
192
150
156
106
136
157
105
115
136
111
119
130
99
69
81
166
92
108
175
183
111
189
98
200
128
143
123
145
113
143
142
91
159
125
114
139
156
97
99
85
66
137
123
63
158
98
139
104
150
87
149
58
161
168
105
114
167
111
130
132
83
145
132
204
138
182
135
150
188
179
160
135
87
162
144
211
108
158
114
81
89
106
128
156
197
51
142
100
107
134
168
86
102
109
137
167
128
89
114
140
87
102
106
122
102
169
178
68
124
77
106
73
105
144
199
153
187
208
113
172
190
125
87
227
79
114
181
82
60
109
78
134
149
170
176
80
132
163
145
74
140
91
201
212
146
135
93
140
146
117
141
99
166
69
155
157
147
164
150
116
53
59
65
123
38
195
125
171
151
189
193
100
158
193
128
180
38
153
149
134
72
180
120
135
39
201
117
101
178
81
70
124
164
44
161
129
160
143
100
99
29
97
169
129
94
248
207
130
139
140
140
110
148
71
176
165
181
147
138
96
117
164
128
142
163
123
104
116
98
102
180
120
175
141
96
91
121
148
142
89
140
131
63
94
130
157
82
155
108
161
119
177
80
186
132
158
123
187
160
109
158
143
50
94
148
104
123
127
165
123
104
133
171
132
145
173
92
140
154
78
120
108
123
17
207
154
154
139
0
81
76
123
171
86
181
114
76
118
89
80
175
112
190
58
57
142
140
135
201
90
91
141
69
131
134
123
153
165
106
123
165
97
91
133
172
99
97
146
129
69
102
150
122
140
152
74
177
39
62
159
81
133
68
142
192
166
160
136
194
78
147
206
84
91
150
148
157
49
126
143
153
187
138
134
85
139
119
130
71
70
117
120
138
85
135
133
116
135
106
114
173
107
111
108
113
124
162
67
133
98
92
160
213
90
90
89
3
140
161
78
143
97
114
90
108
105
152
101
116
136
210
70
136
86
107
130
128
239
143
37
176
90
124
157
131
96
186
153
202
143
123
157
170
86
99
137
92
68
118
88
142
124
169
107
70
221
109
143
123
169
162
139
113
132
140
114
87
155
93
143
98
98
119
204
58
82
146
38
140
141
151
94
105
56
109
125
49
117
144
93
115
114
78
116
74
122
70
96
158
214
192
45
216
118
92
47
85
128
155
167
150
174
116
176
71
144
210
103
170
68
196
222
114
64
85
142
92
197
113
102
118
58
192
162
116
63
177
162
164
201
159
143
72
154
198
133
63
117
187
167
178
132
93
124
182
175
177
125
158
97
144
135
113
76
91
121
128
88
102
183
190
168
122
199
90
183
157
119
111
150
108
124
141
165
82
58
91
139
146
114
141
109
31
72
73
126
163
103
105
46
68
144
121
100
92
87
148
157
132
111
100
183
97
88
140
48
133
71
141
145
120
67
39
206
123
192
115
97
105
128
158
138
138
30
145
74
175
97
107
64
190
113
54
64
119
106
125
119
156
67
159
119
111
166
132
78
142
193
167
154
170
187
147
130
168
47
108
149
103
161
137
183
180
128
144
111
112
218
73
109
118
159
80
101
122
117
122
108
74
119
99
167
199
137
146
70
151
117
79
187
124
201
166
147
175
85
125
134
103
181
121
107
66
146
101
77
133
205
215
82
119
97
127
133
121
127
143
111
194
183
92
122
150
43
74
163
152
126
169
142
141
215
51
148
43
110
128
154
52
173
151
98
139
162
126
119
179
191
81
89
147
175
119
131
49
116
181
125
176
67
125
165
166
117
122
121
120
127
117
65
112
136
83
173
134
90
126
110
81
80
121
106
114
182
104
84
79
23
107
152
144
163
193
89
167
101
119
128
227
133
171
202
177
102
51
87
149
159
106
109
113
142
12
97
170
70
176
108
192
76
38
176
123
192
168
76
100
161
211
125
193
112
209
104
129
82
145
155
95
77
160
123
132
100
105
122
169
163
180
208
139
79
157
166
121
137
128
142
142
173
46
134
98
147
147
158
141
102
169
118
176
221
95
138
79
236
33
53
187
84
122
103
156
157
116
174
84
167
148
85
103
114
156
174
192
102
120
158
107
162
135
32
123
46
185
185
199
117
50
118
98
216
133
126
134
38
176
96
114
110
144
114
130
144
190
109
111
36
87
135
114
81
74
53
103
134
121
118
190
79
190
79
198
149
91
72
63
108
129
150
117
84
113
136
187
121
94
177
120
155
124
97
136
153
160
185
84
202
89
127
183
113
92
130
101
191
120
37
148
20
185
97
116
95
0
186
60
83
175
161
121
72
88
132
101
117
173
215
70
143
102
79
83
101
145
60
102
149
151
53
168
122
121
114
145
85
109
110
103
151
204
189
131
164
206
148
181
104
168
80
56
196
174
52
112
155
181
98
185
52
105
114
130
165
199
115
166
66
74
129
83
173
129
77
130
127
138
102
118
182
47
159
100
168
94
170
100
168
61
255
128
169
71
114
102
111
152
78
190
151
148
89
123
154
87
166
163
154
73
129
134
57
155
152
128
98
88
128
42
215
84
89
197
201
129
159
154
93
58
172
125
161
113
105
74
169
178
160
89
157
246
128
206
154
56
225
140
36
109
115
153
68
171
188
143
113
123
173
65
121
139
79
137
67
159
97
127
205
84
127
148
223
112
98
122
120
136
99
90
81
111
149
73
131
222
135
28
108
160
73
238
72
127
49
93
119
99
74
127
129
97
162
185
185
83
122
136
76
116
146
148
92
144
164
85
150
182
78
139
151
130
94
210
123
169
202
154
112
159
143
138
138
100
150
131
133
142
124
102
170
178
135
144
141
122
168
58
159
92
110
197
136
136
170
86
129
220
132
161
42
161
46
99
163
127
130
135
69
112
140
131
136
67
166
139
67
132
195
115
138
135
100
151
87
109
200
162
115
108
67
62
176
66
193
88
137
86
205
177
111
192
106
156
96
144
169
117
74
121
168
118
74
62
124
164
111
123
59
152
122
93
97
140
149
187
206
130
90
126
37
132
172
196
184
91
137
92
89
99
163
68
135
197
150
128
92
86
45
120
161
120
167
189
212
101
120
105
108
159
164
39
134
152
159
164
170
90
155
205
143
134
156
102
148
114
150
165
127
73
115
128
61
49
115
204
151
163
161
155
135
129
157
135
127
147
96
57
183
154
136
166
68
110
205
110
84
73
132
131
107
163
175
177
150
180
92
178
158
214
70
48
143
230
154
194
120
87
158
64
133
156
75
175
186
216
147
124
130
160
130
147
168
79
152
82
24
21
208
142
138
130
140
89
194
106
138
94
55
130
130
202
138
195
171
159
95
195
144
228
51
77
161
80
117
72
127
78
149
193
135
109
195
155
111
121
121
67
122
83
89
84
123
116
43
98
94
72
94
130
103
124
191
151
123
90
70
154
82
207
83
137
125
151
163
107
93
95
73
112
111
145
118
176
125
76
195
62
139
13
128
204
95
117
115
171
138
81
141
116
82
91
225
98
143
129
71
141
96
167
40
113
116
164
140
138
190
185
114
99
118
164
65
71
87
138
89
161
142
114
79
88
131
126
95
128
84
107
146
98
100
166
144
137
53
120
78
139
53
167
143
89
117
120
82
124
123
131
131
125
156
103
47
91
193
106
169
103
111
70
163
230
213
120
156
121
142
132
140
12
60
115
133
92
98
173
163
184
125
172
210
157
156
81
56
90
128
171
152
132
56
128
145
115
218
145
167
196
101
133
166
224
136
164
150
86
121
134
135
139
164
130
134
214
111
150
146
95
113
58
227
59
28
70
124
185
106
172
92
177
114
80
55
94
127
185
80
89
115
119
175
67
165
115
92
85
113
150
93
31
80
101
176
79
177
136
85
149
57
160
137
126
128
155
97
108
140
110
82
129
104
160
85
90
62
122
129
141
203
104
160
26
224
85
154
118
219
153
154
128
120
104
89
197
54
95
195
91
105
57
170
117
118
72
158
105
137
104
160
102
65
138
143
114
85
181
171
104
121
163
175
165
101
188
103
112
136
77
29
121
132
77
152
97
147
188
134
151
158
111
147
136
177
104
55
149
64
141
65
140
114
199
74
50
74
185
124
95
43
33
128
128
107
50
172
88
137
160
162
168
145
81
70
186
126
158
98
191
127
130
137
141
50
108
183
25
74
130
165
67
144
115
98
78
139
147
90
87
147
246
38
127
126
139
112
55
113
108
141
175
172
148
69
12
140
102
112
115
193
91
144
118
82
124
112
108
75
100
131
154
140
66
131
25
114
121
165
162
155
143
171
120
156
195
137
169
76
189
136
148
112
86
137
161
90
194
109
96
252
88
91
131
110
141
143
134
156
132
162
131
148
117
64
154
196
122
205
150
150
160
96
133
92
183
136
169
73
110
156
209
47
44
69
144
99
117
178
110
92
192
112
128
141
144
148
33
79
125
108
162
143
147
110
115
172
105
176
149
181
62
114
156
100
131
96
125
190
66
76
180
44
149
140
166
114
19
144
142
78
103
100
155
144
75
87
115
126
174
73
88
183
71
72
152
64
135
90
128
195
45
174
102
153
148
101
123
158
208
14
104
134
124
163
183
138
122
209
156
232
117
206
189
144
112
90
141
95
106
127
182
124
155
230
194
137
52
160
132
86
176
144
12
144
170
77
137
126
161
136
137
119
98
127
80
151
159
103
168
165
166
126
177
88
150
48
90
89
87
101
136
184
125
130
199
139
155
94
87
74
164
137
138
215
153
143
156
207
118
85
92
139
103
78
50
132
114
165
77
31
147
75
150
88
119
187
91
29
124
86
74
108
127
85
76
54
0
67
140
128
86
111
131
163
217
212
69
178
68
100
138
77
187
179
145
66
124
176
197
138
81
78
106
97
234
168
103
140
120
129
121
177
54
88
186
61
182
130
72
119
55
142
104
82
22
182
123
89
126
97
70
174
136
95
125
93
113
99
156
125
120
187
29
105
84
189
94
121
113
78
179
141
59
157
124
86
179
199
179
163
159
130
106
136
93
129
224
155
128
120
145
147
127
116
48
208
104
95
94
131
81
43
103
154
98
128
118
158
87
147
133
95
71
139
64
158
148
143
156
187
18
132
155
91
125
52
114
85
165
90
116
125
147
151
133
56
83
59
162
103
166
147
126
168
136
189
163
62
91
192
131
92
142
226
100
109
140
158
100
152
94
216
161
107
125
165
168
139
127
195
138
73
132
52
137
169
79
113
130
142
100
203
75
110
160
186
179
127
131
119
166
95
114
178
153
163
124
89
169
185
90
112
168
146
135
95
152
119
137
75
118
159
188
118
116
110
159
82
95
141
106
147
156
180
126
113
155
161
169
96
126
151
160
164
176
173
115
191
140
105
63
89
52
120
174
138
127
126
43
169
98
164
48
163
151
86
147
44
167
102
177
125
240
42
38
127
22
170
162
168
125
167
120
130
135
123
159
93
147
167
93
134
194
104
169
137
192
36
96
170
107
91
81
148
152
106
107
99
128
146
133
187
108
15
26
143
112
109
213
143
158
197
68
150
103
142
132
164
240
244
145
87
151
81
178
98
133
151
129
162
156
127
73
172
149
175
98
102
85
112
115
141
85
153
122
116
103
155
142
80
183
227
86
167
249
0
156
134
52
144
133
65
168
127
81
156
113
105
112
183
66
131
155
156
132
161
201
130
100
177
194
90
171
176
161
133
69
159
83
185
139
117
89
121
58
118
96
116
106
116
145
164
85
129
124
86
86
104
123
150
128
88
72
97
85
182
131
202
141
65
190
88
137
109
174
102
193
147
81
91
142
165
116
135
155
128
60
165
57
131
163
138
111
131
132
119
160
117
91
134
171
38
138
86
37
171
163
103
163
73
252
29
109
83
109
117
99
84
165
97
155
165
170
136
124
91
112
106
87
76
96
157
133
135
105
94
182
143
97
127
121
121
161
131
149
112
198
187
41
81
164
122
103
138
75
91
174
158
173
136
110
121
88
133
173
129
78
147
120
152
225
141
77
119
157
94
190
194
80
63
137
90
135
214
154
126
110
140
63
117
179
123
89
155
104
169
50
205
128
126
91
150
76
78
97
133
78
90
175
164
79
127
128
135
158
243
183
81
177
150
89
145
113
50
172
50
154
146
190
72
85
134
189
141
78
205
227
132
112
125
149
62
147
155
160
28
124
172
116
122
128
130
158
22
84
186
175
157
160
171
147
96
159
128
121
97
156
47
227
141
156
110
161
147
127
119
117
130
145
182
124
137
80
102
106
56
117
114
59
165
76
200
238
190
121
144
107
156
94
147
148
187
108
130
133
161
145
126
150
144
169
94
93
118
93
71
81
123
61
89
48
190
162
106
175
117
202
114
137
159
132
161
58
109
113
95
193
120
68
78
208
68
109
161
225
87
158
255
162
134
135
97
194
158
116
153
197
169
109
99
157
56
151
130
129
73
98
110
138
159
66
125
118
88
202
112
145
124
48
175
128
138
193
183
70
156
87
186
165
109
155
87
200
138
87
121
186
121
133
150
142
114
151
178
121
115
60
154
167
104
127
119
149
82
134
186
94
86
81
135
189
135
158
79
84
136
107
154
187
210
115
167
92
126
54
92
81
105
84
105
142
104
98
95
80
78
154
112
159
134
132
94
104
92
105
95
120
119
121
52
173
90
73
178
150
100
179
84
140
170
162
82
202
84
156
156
117
134
64
98
61
65
130
109
152
95
121
67
127
58
64
155
130
206
198
77
119
160
77
122
93
137
136
219
180
138
93
80
99
32
147
119
131
114
67
227
182
111
137
83
132
178
99
58
50
69
154
98
72
83
138
123
98
152
103
39
163
222
167
155
105
238
129
219
73
105
169
112
117
82
194
139
107
135
85
168
59
103
159
167
191
117
137
40
145
75
56
85
155
75
117
111
159
205
113
117
182
56
146
202
127
27
115
133
93
136
110
97
189
64
160
132
71
230
116
107
74
124
154
102
140
171
117
183
168
157
102
125
98
141
105
101
94
125
182
108
155
23
60
70
189
128
89
97
73
112
123
171
154
149
94
107
99
184
196
84
56
121
67
181
186
103
180
170
166
96
93
124
78
131
120
141
152
86
137
144
159
149
109
64
45
140
209
183
104
106
134
127
85
184
63
72
94
58
125
82
55
110
137
190
148
117
30
114
52
185
170
156
149
89
127
134
149
176
122
78
111
143
159
186
135
99
151
146
111
169
144
142
86
201
213
230
49
114
117
95
97
108
144
148
97
107
142
156
170
136
118
125
173
175
140
153
122
113
160
172
123
185
135
104
71
24
255
72
158
125
199
135
118
123
160
173
139
10
44
174
136
162
139
165
153
133
134
178
127
156
99
95
101
118
146
178
122
110
131
149
114
160
133
91
197
117
63
93
121
138
137
140
107
78
63
136
134
113
171
132
160
86
144
185
108
186
89
169
142
154
116
118
135
62
185
157
110
95
159
115
129
149
122
117
127
124
156
168
148
181
217
184
72
99
149
129
100
89
178
143
60
92
198
144
